18473 52486.6 
18135 51610.6 
17803.2 51059.8 
17477.4 50556.2 
17157.7 50241.3 
16843.7 49973.3 
16535.5 49623.4 
16233 49110.9 
15936 48666.6 
15644.4 48100.1 
15358.1 47563.3 
15077.1 46902.2 
14801.3 46204.8 
14530.5 46168.7 
14264.6 45685.8 
14003.6 45292.2 
13747.4 45068 
13495.8 44883.1 
13248.9 44704.3 
13006.5 44449.8 
12768.5 44168 
12534.9 43866.4 
12305.5 43375.8 
12080.4 42863.7 
11859.3 42511 
11642.4 42231.8 
11429.3 42008.4 
11220.2 41829.5 
11014.9 41652.7 
10813.4 41478.2 
10615.5 41312.6 
10421.3 40910.8 
10230.6 40773.1 
10043.4 40544.1 
9859.66 40442.1 
9679.26 40348.3 
9502.16 40144.9 
9328.3 39925 
9157.62 39503 
8990.06 39326 
8825.57 39161.7 
8664.09 38928.7 
8505.56 38773.9 
8349.94 38580.8 
8197.16 38083.2 
8047.18 37822.8 
7899.94 37649.4 
7755.39 37507 
7613.49 37372.6 
7474.19 37229.2 
7337.43 36831.9 
7203.18 36714.3 
7071.38 36617.2 
6942 36600 
6814.98 36601.6 
6690.29 36201.2 
6567.88 36289 
6447.7 36245.2 
6329.73 36257.5 
6213.92 36336.2 
6100.22 35941.7 
5988.6 36061.5 
5879.03 36013.4 
5771.46 36026.7 
5665.86 35562.6 
5562.19 35653.4 
5460.42 35665.1 
5360.51 35547.1 
5262.43 35007.7 
5166.15 35004.6 
5071.62 34983 
4978.83 34768.5 
4887.73 34161.5 
4798.3 34067.7 
4710.5 33942.8 
4624.32 33648.4 
4539.7 32984.1 
4456.64 32833 
4375.1 32525.8 
4295.05 31782.2 
4216.46 31531.1 
4139.31 31273.7 
4063.58 30452.3 
3989.22 30138.2 
3916.23 29862.9 
3844.58 29039.1 
3774.23 28681.3 
3705.18 28371.1 
3637.38 27554.3 
3570.83 27185.1 
3505.5 26392 
3441.36 26030.8 
3378.39 25659.4 
3316.58 24896.1 
3255.89 24497 
3196.32 23764.2 
3137.84 23386.2 
3080.42 23001.6 
3024.06 22302.8 
2968.73 21893 
2914.41 21228.9 
2861.09 20830.5 
2808.74 20191 
2757.35 19806.5 
2706.89 19183.2 
2657.37 18814.2 
2608.74 18223.8 
2561.01 17857 
2514.15 17293.1 
2468.15 16934.3 
2422.99 16400 
2378.66 15877.3 
2335.14 15547.3 
2292.41 15040.3 
2250.47 14726.1 
2209.29 14241.8 
2168.87 13789.8 
2129.18 13485.5 
2090.23 13046.5 
2051.98 12629.3 
2014.44 12343.2 
1977.58 11945.3 
1941.39 11567.2 
1905.87 11295.2 
1871 10927.2 
1836.77 10583.4 
1803.16 10334.2 
1770.17 9997 
1737.78 9676.61 
1705.98 9372.08 
1674.77 9072.71 
1644.13 8849.84 
1614.04 8566.92 
1584.51 8293.41 
1555.52 8031.96 
1527.06 7780.35 
1499.12 7535.73 
1471.69 7294.32 
1444.76 7064.82 
1418.33 6842.44 
1392.37 6627.43 
1366.9 6420.48 
1341.89 6219.85 
1317.34 6027.44 
1293.23 5840.64 
1269.57 5660.41 
1246.34 5486.01 
1223.54 5318.4 
1201.15 5155.88 
1179.17 4997.67 
1157.6 4846.28 
1136.42 4671.22 
1115.62 4532.31 
1095.21 4397.89 
1075.17 4266.51 
1055.5 4115.09 
1036.19 3996.16 
1017.23 3879.15 
998.616 3764.07 
980.344 3637.65 
962.407 3533.15 
944.798 3413.79 
927.511 3318.34 
910.54 3208.47 
893.88 3118.65 
877.525 3017.19 
861.469 2934.8 
845.707 2840.76 
830.233 2749.7 
815.042 2677.24 
800.129 2593.81 
785.489 2513.76 
771.117 2448.97 
757.008 2375.47 
743.157 2304.04 
729.56 2236.58 
716.211 2171.13 
703.106 2108.33 
690.242 2048.63 
677.612 1991.66 
665.214 1936.64 
653.043 1883.78 
641.094 1833.16 
629.364 1784.82 
617.849 1738.27 
606.544 1693.15 
595.446 1644.79 
584.551 1603.54 
573.856 1564.35 
563.356 1520.97 
553.048 1485.35 
542.929 1444.84 
532.995 1411.9 
523.243 1375.29 
513.669 1344.93 
504.27 1311.12 
495.044 1278.97 
485.986 1248.1 
477.094 1221.9 
468.365 1193.52 
459.795 1166.02 
451.382 1139.62 
443.123 1114.31 
435.015 1089.85 
427.056 1063.86 
419.242 1041.5 
411.571 1019.88 
404.041 999.202 
396.648 976.283 
389.391 957.11 
382.266 936.518 
375.272 918.346 
368.405 899.045 
361.665 880.554 
355.047 862.628 
348.551 846.943 
342.173 830.049 
335.913 813.53 
329.767 796.395 
323.733 781.308 
317.809 766.749 
311.995 752.464 
306.286 737.357 
300.682 724.176 
295.18 710.044 
289.779 697.581 
284.477 684.38 
279.272 671.425 
274.162 659.387 
269.146 647.329 
264.222 635.71 
259.387 624.477 
254.641 612.76 
249.982 602.282 
245.408 591.012 
240.918 581.303 
236.51 570.792 
232.182 560.769 
227.934 551.049 
223.764 541.753 
219.669 532.453 
215.65 523.607 
211.704 514.408 
207.831 505.971 
204.028 497.276 
200.295 489.498 
196.63 481.162 
193.033 473.249 
189.501 465.611 
186.033 457.467 
182.629 450.151 
179.288 442.73 
176.007 435.907 
172.787 428.791 
169.626 421.812 
166.522 415.177 
163.475 408.209 
160.484 401.888 
157.548 395.325 
154.665 389.378 
151.835 383.255 
149.057 377.176 
146.33 371.368 
143.652 365.324 
141.024 359.884 
138.444 354.241 
135.91 348.815 
133.424 343.442 
130.982 338.021 
128.586 332.98 
126.233 327.819 
123.924 322.845 
121.656 318.038 
119.43 313.265 
117.245 308.481 
115.1 304.051 
112.994 299.468 
110.926 294.948 
108.897 290.622 
106.904 286.362 
104.948 282.113 
103.028 278.046 
101.143 274.135 
99.2922 270.057 
97.4755 266.228 
95.692 262.435 
93.9411 258.829 
92.2223 255.103 
90.5349 251.498 
88.8784 248.054 
87.2522 244.683 
85.6557 241.256 
84.0885 237.966 
82.5499 234.602 
81.0395 231.516 
79.5567 228.429 
78.1011 225.269 
76.6721 222.369 
75.2692 219.423 
73.892 216.502 
