0 14.8455 
1 37.291 
2 72.1365 
3 83.082 
4 142.928 
5 200.273 
6 276.419 
7 305.064 
8 349.71 
9 393.655 
10 576.101 
11 636.246 
12 676.592 
13 721.237 
14 788.083 
15 853.428 
16 921.574 
17 1006.42 
18 1066.86 
19 1156.71 
20 1226.86 
21 1254.5 
22 1278.15 
23 1321.99 
24 1356.84 
25 1347.48 
26 1341.13 
27 1353.27 
28 1372.62 
29 1375.27 
30 1403.91 
31 1421.76 
32 1379.1 
33 1335.95 
34 1301.59 
35 1293.04 
36 1269.48 
37 1270.93 
38 1307.37 
39 1324.32 
40 1341.97 
41 1326.11 
42 1374.96 
43 1341.9 
44 1305.25 
45 1301.09 
46 1281.94 
47 1266.78 
48 1258.23 
49 1229.68 
50 1224.02 
51 1205.47 
52 1183.61 
53 1154.56 
54 1109.4 
55 1092.55 
56 1057.39 
57 1017.24 
58 968.685 
59 898.03 
60 816.176 
61 739.321 
62 660.267 
63 601.212 
64 553.858 
65 516.503 
66 465.949 
67 404.595 
68 336.44 
69 294.786 
70 234.931 
71 160.077 
72 95.222 
73 32.0676 
74 -38.4869 
75 -109.541 
76 -191.396 
77 -273.25 
78 -340.805 
79 -417.359 
80 -469.514 
81 -511.868 
82 -582.423 
83 -630.977 
84 -692.032 
85 -762.086 
86 -834.941 
87 -901.095 
88 -962.15 
89 -1022.5 
90 -1098.36 
91 -1169.51 
92 -1231.67 
93 -1289.72 
94 -1343.28 
95 -1409.43 
96 -1467.79 
97 -1514.34 
98 -1552.49 
99 -1584.35 
100 -1602.7 
101 -1663.26 
102 -1703.41 
103 -1699.77 
104 -1715.42 
105 -1743.08 
106 -1717.13 
107 -1743.19 
108 -1762.34 
109 -1757.49 
110 -1757.65 
111 -1719 
112 -1723.56 
113 -1730.41 
114 -1738.97 
115 -1756.32 
116 -1733.98 
117 -1753.03 
118 -1763.18 
119 -1773.34 
120 -1774.69 
121 -1783.25 
122 -1787.1 
123 -1790.66 
124 -1790.81 
125 -1789.37 
126 -1786.22 
127 -1749.28 
128 -1702.43 
129 -1684.78 
130 -1689.44 
131 -1676.29 
132 -1645.95 
133 -1628.6 
134 -1585.96 
135 -1570.61 
136 -1532.47 
137 -1533.82 
138 -1505.67 
139 -1461.53 
140 -1441.18 
141 -1438.74 
142 -1421.09 
143 -1401.25 
144 -1366.4 
145 -1296.56 
146 -1243.91 
147 -1206.26 
148 -1109.42 
149 -1025.77 
150 -950.828 
151 -880.883 
152 -794.937 
153 -728.992 
154 -661.346 
155 -666.501 
156 -675.355 
157 -635.91 
158 -641.564 
159 -623.119 
160 -638.473 
161 -591.828 
162 -617.382 
163 -586.437 
164 -554.091 
165 -520.446 
166 -472.6 
167 -425.755 
168 -413.409 
169 -442.064 
170 -466.918 
171 -493.973 
172 -521.327 
173 -543.482 
174 -535.036 
175 -572.691 
176 -541.045 
177 -545.7 
178 -526.054 
179 -505.609 
180 -487.963 
181 -470.318 
182 -485.172 
183 -509.727 
184 -517.781 
185 -549.636 
186 -581.49 
187 -613.345 
188 -648.199 
189 -683.354 
190 -721.908 
191 -760.963 
192 -802.817 
193 -841.372 
194 -881.526 
195 -926.681 
196 -974.835 
197 -1023.39 
198 -1060.24 
199 -1092.6 
200 -1147.75 
201 -1206.31 
202 -1264.86 
203 -1325.02 
204 -1386.87 
205 -1450.43 
206 -1471.28 
207 -1543.13 
208 -1580.29 
209 -1657.14 
210 -1733.5 
211 -1808.65 
212 -1883.31 
213 -1956.86 
214 -2029.22 
215 -2079.07 
216 -2115.22 
217 -2147.08 
218 -2157.23 
219 -2184.29 
220 -2216.44 
221 -2242.8 
222 -2288.15 
223 -2302.01 
224 -2312.66 
225 -2321.02 
226 -2311.67 
227 -2304.72 
228 -2297.38 
229 -2269.03 
230 -2273.69 
231 -2284.34 
232 -2236.7 
233 -2189.55 
234 -2183.71 
235 -2154.26 
236 -2111.41 
237 -2063.57 
238 -1994.42 
239 -1889.98 
240 -1848.63 
241 -1823.49 
242 -1798.14 
243 -1718.8 
244 -1677.95 
245 -1602.51 
246 -1486.66 
247 -1368.01 
248 -1201.87 
249 -1020.02 
250 -855.078 
251 -750.232 
252 -658.787 
253 -503.141 
254 -451.496 
255 -448.35 
256 -413.405 
257 -356.459 
258 -255.314 
259 -126.668 
260 -34.5225 
261 56.323 
262 194.768 
263 283.414 
264 261.559 
265 256.705 
266 252.651 
267 278.996 
268 451.642 
269 568.987 
270 599.933 
271 615.578 
272 702.724 
273 770.869 
274 855.215 
275 932.86 
276 1019.21 
277 1088.65 
278 1058.6 
279 1130.44 
280 1111.89 
281 1125.03 
282 1171.98 
283 1183.82 
284 1186.17 
285 1235.32 
286 1255.66 
287 1280.51 
288 1289.65 
289 1256.1 
290 1259.54 
291 1232.49 
292 1219.13 
293 1184.58 
294 1148.92 
295 1088.27 
296 1055.22 
297 1017.16 
298 1003.51 
299 993.652 
300 989.798 
301 1016.94 
302 1027.89 
303 1019.03 
304 1022.68 
305 988.325 
306 935.671 
307 864.816 
308 796.162 
309 737.607 
310 685.253 
311 623.698 
312 549.144 
313 467.289 
314 404.735 
315 341.58 
316 266.226 
317 204.871 
318 124.717 
319 56.0624 
320 -20.4921 
321 -93.0466 
322 -149.701 
323 -218.356 
324 -264.01 
325 -326.565 
326 -397.919 
327 -443.474 
328 -506.628 
329 -556.783 
330 -636.937 
331 -678.492 
332 -733.646 
333 -765.5 
334 -789.055 
335 -804.209 
336 -811.064 
337 -832.118 
338 -848.973 
339 -771.627 
340 -719.682 
341 -667.036 
342 -590.591 
343 -485.745 
344 -373.9 
345 -278.254 
346 -116.809 
347 63.5366 
348 277.182 
349 377.528 
350 518.973 
351 678.819 
352 995.164 
353 1199.31 
354 1372.46 
355 1523.9 
356 1728.25 
357 1906.89 
358 2075.54 
359 2168.68 
360 2278.03 
361 2472.37 
362 2587.22 
363 2747.06 
364 2898.51 
365 3006.16 
366 3162.6 
367 3267.45 
368 3370.59 
369 3495.44 
370 3603.58 
371 3705.03 
372 3739.87 
373 3821.32 
374 3902.77 
375 3979.21 
376 4076.06 
377 4140.9 
378 4202.35 
379 4263.79 
380 4338.14 
381 4384.58 
382 4402.73 
383 4418.67 
384 4501.32 
385 4543.97 
386 4550.41 
387 4582.36 
388 4675 
389 4755.95 
390 4796.59 
391 4824.74 
392 4827.88 
393 4791.53 
394 4821.38 
395 4798.22 
396 4806.37 
397 4787.01 
398 4766.86 
399 4753.3 
400 4761.95 
401 4743.39 
402 4723.24 
403 4714.69 
404 4689.53 
405 4646.38 
406 4617.02 
407 4585.17 
408 4550.01 
409 4532.66 
410 4495.3 
411 4460.65 
412 4417.09 
413 4377.24 
414 4349.09 
415 4300.53 
416 4248.68 
417 4180.12 
418 4123.27 
419 4058.91 
420 3998.76 
421 3930.2 
422 3866.65 
423 3801.5 
424 3729.64 
425 3662.79 
426 3590.93 
427 3525.78 
428 3460.62 
429 3392.07 
430 3338.51 
431 3279.96 
432 3208.9 
433 3140.35 
434 3073.5 
435 3017.84 
436 2970.49 
437 2932.43 
438 2911.08 
439 2862.52 
440 2833.97 
441 2830.81 
442 2815.96 
443 2779.61 
444 2759.75 
445 2757.2 
446 2754.84 
447 2815.29 
448 2887.23 
449 2903.68 
450 2960.12 
451 3027.77 
452 3131.71 
453 3237.06 
454 3348.51 
455 3454.45 
456 3597.1 
457 3691.94 
458 3755.79 
459 3885.93 
460 4028.78 
461 4112.22 
462 4243.67 
463 4390.52 
464 4570.86 
465 4750.71 
466 4904.65 
467 5112.8 
468 5260.94 
469 5394.39 
470 5551.33 
471 5650.28 
472 5756.73 
473 5931.87 
474 6085.82 
475 6230.66 
476 6383.81 
477 6538.65 
478 6614.6 
479 6748.54 
480 6856.69 
481 6983.63 
482 7101.78 
483 7225.43 
484 7349.37 
485 7467.52 
486 7580.66 
487 7670.51 
488 7775.35 
489 7843 
490 7984.44 
491 8128.39 
492 8218.24 
493 8348.88 
494 8427.53 
495 8502.37 
496 8575.52 
497 8645.36 
498 8679.01 
499 8742.15 
500 8789.1 
501 8847.74 
502 8902.59 
503 8944.04 
504 8983.38 
505 9004.83 
506 9046.27 
507 9093.12 
508 9134.06 
509 9159.21 
510 9195.65 
511 9185.5 
512 9214.45 
513 9235.39 
514 9265.24 
515 9293.38 
516 9308.23 
517 9333.07 
518 9356.22 
519 9400.56 
520 9422.01 
521 9441.85 
522 9436.3 
523 9454.45 
524 9470.89 
525 9487.34 
526 9500.48 
527 9511.93 
528 9523.37 
529 9533.22 
530 9543.86 
531 9550.31 
532 9555.66 
533 9558.8 
534 9560.25 
535 9527.19 
536 9485.34 
537 9481.78 
538 9473.23 
539 9467.57 
540 9460.72 
541 9452.17 
542 9433.61 
543 9399.06 
544 9410 
545 9397.35 
546 9383.79 
547 9368.64 
548 9305.28 
549 9270.93 
550 9301.37 
551 9305.22 
552 9259.07 
553 9243.71 
554 9182.86 
555 9132 
556 9101.85 
557 9048.49 
558 8988.14 
559 8949.08 
560 8889.73 
561 8840.38 
562 8800.22 
563 8748.37 
564 8703.21 
565 8661.06 
566 8605.4 
567 8576.35 
568 8529.49 
569 8458.84 
570 8421.78 
571 8342.43 
572 8291.28 
573 8227.72 
574 8159.87 
575 8086.51 
576 8028.66 
577 7953.8 
578 7878.65 
579 7803.49 
580 7733.84 
581 7670.49 
582 7595.83 
583 7523.98 
584 7451.62 
585 7381.27 
586 7309.11 
587 7232.26 
588 7153.7 
589 7078.55 
590 7017.39 
591 6937.34 
592 6855.49 
593 6773.63 
594 6691.78 
595 6614.92 
596 6537.07 
597 6457.71 
598 6396.66 
599 6331.3 
600 6252.15 
601 6191.3 
602 6145.64 
603 6077.79 
604 6009.63 
605 5945.48 
606 5867.12 
607 5785.27 
608 5703.41 
609 5629.26 
610 5551.91 
611 5484.35 
612 5414 
613 5347.64 
614 5288.99 
615 5207.13 
616 5133.58 
617 5091.22 
618 5044.37 
619 4995.01 
620 4932.36 
621 4871.01 
622 4806.65 
623 4791.6 
624 4754.74 
625 4721.19 
626 4689.33 
627 4659.18 
628 4630.62 
629 4600.77 
630 4577.22 
631 4559.86 
632 4533.81 
633 4506.25 
634 4490.7 
635 4489.14 
636 4486.99 
637 4483.43 
638 4469.58 
639 4457.72 
640 4449.17 
641 4444.02 
642 4442.16 
643 4443.61 
644 4448.05 
645 4430.4 
646 4406.04 
647 4407.49 
648 4408.93 
649 4411.78 
650 4379.13 
651 4338.97 
652 4330.92 
653 4309.06 
654 4307.71 
655 4282.65 
656 4276.3 
657 4284.94 
658 4288.09 
659 4286.23 
660 4279.88 
661 4278.53 
662 4276.67 
663 4279.12 
664 4252.96 
665 4229.11 
666 4196.95 
667 4186.9 
668 4193.34 
669 4215.29 
670 4235.14 
671 4253.28 
672 4273.13 
673 4264.77 
674 4268.62 
675 4249.26 
676 4232.41 
677 4218.05 
678 4198.9 
679 4188.25 
680 4180.39 
681 4147.54 
682 4133.98 
683 4115.93 
684 4099.07 
685 4066.52 
686 4039.16 
687 4003.51 
688 3965.65 
689 3926.5 
690 3894.65 
691 3856.59 
692 3814.74 
693 3777.88 
694 3737.73 
695 3695.87 
696 3634.02 
697 3572.46 
698 3506.61 
699 3464.46 
700 3399.3 
701 3337.45 
702 3276.79 
703 3214.94 
704 3142.58 
705 3074.03 
706 2996.47 
707 2914.62 
708 2832.76 
709 2758.41 
710 2676.56 
711 2615.2 
712 2555.85 
713 2496.49 
714 2425.84 
715 2357.28 
716 2294.93 
717 2220.87 
718 2156.52 
719 2095.17 
720 2025.31 
721 1958.76 
722 1878.4 
723 1800.75 
724 1722.19 
725 1653.14 
726 1571.78 
727 1490.23 
728 1409.07 
729 1327.22 
730 1245.37 
731 1163.51 
732 1081.66 
733 999.803 
734 917.948 
735 836.094 
736 754.239 
737 672.385 
738 590.53 
739 508.676 
740 426.821 
741 344.967 
742 263.112 
743 181.258 
744 99.4031 
745 17.5486 
746 -64.3059 
747 -146.16 
748 -228.015 
749 -309.869 
750 -380.724 
751 -462.578 
752 -540.433 
753 -612.087 
754 -692.642 
755 -772.696 
756 -835.751 
757 -914.405 
758 -995.06 
759 -1076.91 
760 -1157.07 
761 -1236.72 
762 -1317.78 
763 -1373.63 
764 -1446.79 
765 -1522.14 
766 -1590.8 
767 -1655.85 
768 -1737.7 
769 -1802.36 
770 -1881.01 
771 -1935.17 
772 -2007.82 
773 -2070.98 
774 -2122.33 
775 -2190.19 
776 -2246.54 
777 -2282.1 
778 -2336.15 
779 -2394.2 
780 -2439.06 
781 -2500.91 
782 -2573.27 
783 -2615.42 
784 -2687.58 
785 -2744.63 
786 -2795.69 
787 -2873.74 
788 -2942.09 
789 -2991.75 
790 -3049.4 
791 -3097.76 
792 -3147.61 
793 -3175.77 
794 -3213.92 
795 -3243.08 
796 -3308.63 
797 -3297.29 
798 -3319.94 
799 -3323.09 
800 -3352.45 
801 -3378.5 
802 -3398.36 
803 -3371.91 
804 -3409.97 
805 -3377.12 
806 -3336.18 
807 -3320.03 
808 -3328.08 
809 -3337.24 
810 -3354.39 
811 -3397.55 
812 -3399.7 
813 -3387.56 
814 -3405.91 
815 -3437.97 
816 -3459.12 
817 -3444.47 
818 -3366.03 
819 -3403.88 
820 -3450.44 
821 -3465.59 
822 -3464.15 
823 -3471 
824 -3491.66 
825 -3530.81 
826 -3564.47 
827 -3599.02 
828 -3622.77 
829 -3667.23 
830 -3706.68 
831 -3731.04 
832 -3724.39 
833 -3745.45 
834 -3780.5 
835 -3809.76 
836 -3848.21 
837 -3877.26 
838 -3940.82 
839 -3979.67 
840 -4006.83 
841 -4054.08 
842 -4129.64 
843 -4177.79 
844 -4227.05 
845 -4250.6 
846 -4279.96 
847 -4318.31 
848 -4375.36 
849 -4411.32 
850 -4451.37 
851 -4482.33 
852 -4532.18 
853 -4569.64 
854 -4643.99 
855 -4693.55 
856 -4726.5 
857 -4790.45 
858 -4838.21 
859 -4876.96 
860 -4950.22 
861 -5017.17 
862 -5085.83 
863 -5152.58 
864 -5198.44 
865 -5273.29 
866 -5345.64 
867 -5412.3 
868 -5491.35 
869 -5570.21 
870 -5647.76 
871 -5721.62 
872 -5796.17 
873 -5846.63 
874 -5921.18 
875 -6002.64 
876 -6084.49 
877 -6164.84 
878 -6219.8 
879 -6279.95 
880 -6359.41 
881 -6431.96 
882 -6500.62 
883 -6579.07 
884 -6660.93 
885 -6742.18 
886 -6824.03 
887 -6905.89 
888 -6987.74 
889 -7069.6 
890 -7150.45 
891 -7232.31 
892 -7314.16 
893 -7396.02 
894 -7477.07 
895 -7558.93 
896 -7640.78 
897 -7722.63 
898 -7804.49 
899 -7852.34 
900 -7898.2 
901 -7962.05 
902 -8043.91 
903 -8093.46 
904 -8170.72 
905 -8252.57 
906 -8334.42 
907 -8413.98 
908 -8461.53 
909 -8501.39 
910 -8583.24 
911 -8663.7 
912 -8737.15 
913 -8793.11 
914 -8837.56 
915 -8913.22 
916 -8969.27 
917 -9025.52 
918 -9055.88 
919 -9094.93 
920 -9150.59 
921 -9206.44 
922 -9268.7 
923 -9313.85 
924 -9366.31 
925 -9417.96 
926 -9438.51 
927 -9480.37 
928 -9508.32 
929 -9528.48 
930 -9522.83 
931 -9538.69 
932 -9588.94 
933 -9586.4 
934 -9602.45 
935 -9570.7 
936 -9594.86 
937 -9597.71 
938 -9583.27 
939 -9588.42 
940 -9576.48 
941 -9563.93 
942 -9575.39 
943 -9567.84 
944 -9567.1 
945 -9555.45 
946 -9556.9 
947 -9561.96 
948 -9555.81 
949 -9530.37 
950 -9503.72 
951 -9483.68 
952 -9416.93 
953 -9335.39 
954 -9326.84 
955 -9281.39 
956 -9279.35 
957 -9270.1 
958 -9256.96 
959 -9260.71 
960 -9270.97 
961 -9270.52 
962 -9231.78 
963 -9155.23 
964 -9124.79 
965 -9083.44 
966 -9013.79 
967 -8966.35 
968 -8960.2 
969 -8946.76 
970 -8915.91 
971 -8903.67 
972 -8898.52 
973 -8860.28 
974 -8801.13 
975 -8705.68 
976 -8677.04 
977 -8650.49 
978 -8659.15 
979 -8656.4 
980 -8634.86 
981 -8576.11 
982 -8522.57 
983 -8467.62 
984 -8470.48 
985 -8468.73 
986 -8394.78 
987 -8385.74 
988 -8404.19 
989 -8430.45 
990 -8436.9 
991 -8427.16 
992 -8445.81 
993 -8450.57 
994 -8459.92 
995 -8493.47 
996 -8523.83 
997 -8513.08 
998 -8503.04 
999 -8540.09 
1000 -8553.05 
1001 -8590.4 
1002 -8648.96 
1003 -8716.01 
1004 -8784.16 
1005 -8830.82 
1006 -8888.87 
1007 -8924.93 
1008 -8988.08 
1009 -9045.04 
1010 -9107.29 
1011 -9184.55 
1012 -9244.9 
1013 -9325.06 
1014 -9395.31 
1015 -9467.66 
1016 -9530.22 
1017 -9599.57 
1018 -9671.63 
1019 -9736.88 
1020 -9810.54 
1021 -9862.29 
1022 -9937.65 
1023 -10017.1 
1024 -10084.2 
1025 -10152.9 
1026 -10220.4 
1027 -10295.6 
1028 -10358.3 
1029 -10398.8 
1030 -10429.8 
1031 -10454.1 
1032 -10523.6 
1033 -10564.7 
1034 -10613.9 
1035 -10593.4 
1036 -10602.6 
1037 -10629.3 
1038 -10611.5 
1039 -10594.9 
1040 -10508.7 
1041 -10432 
1042 -10347.1 
1043 -10299.7 
1044 -10233.9 
1045 -10136.4 
1046 -10054.6 
1047 -9898.41 
1048 -9794.56 
1049 -9668.52 
1050 -9555.77 
1051 -9458.03 
1052 -9381.38 
1053 -9234.34 
1054 -9114.69 
1055 -8852.74 
1056 -8621.2 
1057 -8410.45 
1058 -8268.01 
1059 -8119.56 
1060 -8015.32 
1061 -7833.77 
1062 -7644.43 
1063 -7502.78 
1064 -7424.23 
1065 -7299.89 
1066 -7203.34 
1067 -7069.1 
1068 -6909.45 
1069 -6850.01 
1070 -6697.36 
1071 -6568.12 
1072 -6420.57 
1073 -6344.82 
1074 -6246.28 
1075 -6196.83 
1076 -6155.99 
1077 -6086.34 
1078 -6039 
1079 -5987.95 
1080 -5893.91 
1081 -5804.96 
1082 -5757.32 
1083 -5736.27 
1084 -5728.52 
1085 -5719.18 
1086 -5659.73 
1087 -5522.79 
1088 -5383.54 
1089 -5313.9 
1090 -5281.05 
1091 -5256.71 
1092 -5203.16 
1093 -5138.91 
1094 -5107.87 
1095 -5079.92 
1096 -5046.38 
1097 -5047.33 
1098 -5028.19 
1099 -5013.64 
1100 -4972.2 
1101 -4962.35 
1102 -4953.81 
1103 -4946.16 
1104 -4987.91 
1105 -5019.87 
1106 -5052.12 
1107 -5067.08 
1108 -5036.53 
1109 -5025.59 
1110 -5056.04 
1111 -5072.5 
1112 -5093.45 
1113 -5127.9 
1114 -5176.86 
1115 -5193.91 
1116 -5241.77 
1117 -5286.82 
1118 -5332.48 
1119 -5369.43 
1120 -5409.89 
1121 -5457.54 
1122 -5518.4 
1123 -5555.85 
1124 -5607.1 
1125 -5625.46 
1126 -5639.81 
1127 -5692.37 
1128 -5752.02 
1129 -5827.98 
1130 -5895.93 
1131 -5961.99 
1132 -6008.74 
1133 -6072.99 
1134 -6138.95 
1135 -6201.2 
1136 -6276.16 
1137 -6349.11 
1138 -6399.27 
1139 -6459.92 
1140 -6526.08 
1141 -6583.43 
1142 -6642.78 
1143 -6690.04 
1144 -6752.69 
1145 -6828.35 
1146 -6875 
1147 -6917.16 
1148 -6987.41 
1149 -7033.37 
1150 -7097.32 
1151 -7143.18 
1152 -7182.23 
1153 -7191.28 
1154 -7201.04 
1155 -7187.89 
1156 -7190.05 
1157 -7220.1 
1158 -7250.96 
1159 -7278.91 
1160 -7311.47 
1161 -7325.52 
1162 -7341.67 
1163 -7324.03 
1164 -7341.28 
1165 -7338.24 
1166 -7313.59 
1167 -7279.95 
1168 -7261.9 
1169 -7235.36 
1170 -7239.71 
1171 -7230.27 
1172 -7133.52 
1173 -7121.97 
1174 -7103.23 
1175 -7075.98 
1176 -7053.44 
1177 -7060.39 
1178 -6999.25 
1179 -7006.5 
1180 -6962.66 
1181 -6902.31 
1182 -6897.06 
1183 -6744.62 
1184 -6558.27 
1185 -6339.53 
1186 -6189.88 
1187 -6089.14 
1188 -5905.79 
1189 -5801.25 
1190 -5701.9 
1191 -5605.16 
1192 -5516.51 
1193 -5383.46 
1194 -5233.32 
1195 -5094.27 
1196 -5008.83 
1197 -4870.08 
1198 -4760.94 
1199 -4576.99 
1200 -4360.55 
1201 -4192.1 
1202 -4091.25 
1203 -3978.41 
1204 -3907.06 
1205 -3834.72 
1206 -3768.37 
1207 -3721.63 
1208 -3625.48 
1209 -3571.64 
1210 -3465.29 
1211 -3362.84 
1212 -3296.5 
1213 -3208.55 
1214 -3133.61 
1215 -3131.66 
1216 -3096.52 
1217 -3045.37 
1218 -3052.93 
1219 -3017.78 
1220 -2935.94 
1221 -2882.89 
1222 -2860.64 
1223 -2826.6 
1224 -2764.95 
1225 -2646.71 
1226 -2605.76 
1227 -2580.32 
1228 -2543.27 
1229 -2505.13 
1230 -2518.38 
1231 -2491.23 
1232 -2444.19 
1233 -2407.34 
1234 -2392.4 
1235 -2338.75 
1236 -2290.71 
1237 -2246.36 
1238 -2212.02 
1239 -2169.57 
1240 -2147.13 
1241 -2139.98 
1242 -2141.83 
1243 -2148.39 
1244 -2159.04 
1245 -2113 
1246 -2091.75 
1247 -2087.51 
1248 -2091.46 
1249 -2091.82 
1250 -2102.07 
1251 -2093.52 
1252 -2109.48 
1253 -2115.33 
1254 -2109.99 
1255 -2096.04 
1256 -2114.2 
1257 -2115.55 
1258 -2142.71 
1259 -2180.06 
1260 -2232.62 
1261 -2276.47 
1262 -2318.92 
1263 -2350.48 
1264 -2386.73 
1265 -2428.49 
1266 -2474.84 
1267 -2526.6 
1268 -2565.85 
1269 -2623.61 
1270 -2651.96 
1271 -2692.71 
1272 -2751.17 
1273 -2811.42 
1274 -2860.28 
1275 -2933.73 
1276 -2998.29 
1277 -3070.14 
1278 -3151.3 
1279 -3227.25 
1280 -3309.1 
1281 -3372.66 
1282 -3446.61 
1283 -3522.67 
1284 -3603.52 
1285 -3676.08 
1286 -3757.23 
1287 -3826.69 
1288 -3908.54 
1289 -3980.6 
1290 -4053.65 
1291 -4124.2 
1292 -4197.66 
1293 -4271.01 
1294 -4338.17 
1295 -4406.32 
1296 -4462.18 
1297 -4529.83 
1298 -4601.69 
1299 -4662.44 
1300 -4690.09 
1301 -4741.45 
1302 -4781.1 
1303 -4830.96 
1304 -4832.21 
1305 -4836.97 
1306 -4859.22 
1307 -4870.38 
1308 -4878.03 
1309 -4893.59 
1310 -4866.24 
1311 -4875.29 
1312 -4878.55 
1313 -4875.9 
1314 -4850.06 
1315 -4827.01 
1316 -4756.67 
1317 -4665.32 
1318 -4648.58 
1319 -4603.43 
1320 -4526.28 
1321 -4441.74 
1322 -4352.09 
1323 -4271.05 
1324 -4180.1 
1325 -4096.76 
1326 -3997.91 
1327 -3876.77 
1328 -3757.72 
1329 -3621.78 
1330 -3519.03 
1331 -3446.98 
1332 -3372.24 
1333 -3286.19 
1334 -3180.05 
1335 -3126.2 
1336 -3004.56 
1337 -2880.11 
1338 -2740.07 
1339 -2631.42 
1340 -2538.07 
1341 -2448.83 
1342 -2344.68 
1343 -2244.84 
1344 -2208.19 
1345 -2142.55 
1346 -2032.4 
1347 -1927.16 
1348 -1901.21 
1349 -1815.56 
1350 -1749.22 
1351 -1674.37 
1352 -1604.33 
1353 -1558.48 
1354 -1538.34 
1355 -1467.39 
1356 -1429.35 
1357 -1388.8 
1358 -1387.96 
1359 -1367.71 
1360 -1327.16 
1361 -1249.32 
1362 -1191.67 
1363 -1154.83 
1364 -1110.28 
1365 -1112.34 
1366 -1098.19 
1367 -1102.45 
1368 -1092.5 
1369 -1066.65 
1370 -1022.51 
1371 -1027.26 
1372 -1007.02 
1373 -1011.27 
1374 -1031.13 
1375 -1021.68 
1376 -1061.84 
1377 -1067.99 
1378 -1078.25 
1379 -1082 
1380 -1054.15 
1381 -1046.51 
1382 -1002.46 
1383 -1016.22 
1384 -1020.97 
1385 -992.927 
1386 -970.981 
1387 -948.736 
1388 -976.39 
1389 -993.845 
1390 -966.399 
1391 -993.954 
1392 -983.308 
1393 -990.563 
1394 -997.417 
1395 -1023.37 
1396 -1039.63 
1397 -1057.68 
1398 -1088.73 
1399 -1098.79 
1400 -1139.64 
1401 -1189 
1402 -1224.15 
1403 -1281.71 
1404 -1303.56 
1405 -1312.52 
1406 -1347.77 
1407 -1396.13 
1408 -1453.38 
1409 -1503.83 
1410 -1568.09 
1411 -1625.74 
1412 -1693.7 
1413 -1748.75 
1414 -1813.41 
1415 -1892.36 
1416 -1974.22 
1417 -2054.67 
1418 -2119.12 
1419 -2191.28 
1420 -2267.63 
1421 -2346.69 
1422 -2419.04 
1423 -2491.8 
1424 -2554.95 
1425 -2611.31 
1426 -2675.06 
1427 -2709.02 
1428 -2764.97 
1429 -2820.52 
1430 -2858.38 
1431 -2879.13 
1432 -2916.49 
1433 -2946.54 
1434 -2980.1 
1435 -3004.65 
1436 -3007.81 
1437 -2986.86 
1438 -2970.01 
1439 -2939.07 
1440 -2919.32 
1441 -2901.28 
1442 -2895.13 
1443 -2908.59 
1444 -2817.04 
1445 -2718.2 
1446 -2701.25 
1447 -2650.41 
1448 -2597.76 
1449 -2580.61 
1450 -2532.27 
1451 -2440.02 
1452 -2392.88 
1453 -2283.03 
1454 -2102.19 
1455 -1917.14 
1456 -1705.4 
1457 -1560.95 
1458 -1421.9 
1459 -1247.26 
1460 -1102.31 
1461 -939.868 
1462 -775.723 
1463 -640.877 
1464 -575.531 
1465 -448.386 
1466 -291.54 
1467 -102.495 
1468 58.2505 
1469 129.296 
1470 219.242 
1471 321.087 
1472 373.133 
1473 439.778 
1474 533.624 
1475 602.569 
1476 653.415 
1477 771.86 
1478 837.506 
1479 926.051 
1480 1023.7 
1481 1125.14 
1482 1219.29 
1483 1292.43 
1484 1401.68 
1485 1491.02 
1486 1595.97 
1487 1654.02 
1488 1716.76 
1489 1813.31 
1490 1895.45 
1491 1940.7 
1492 1938.84 
1493 1931.79 
1494 1961.63 
1495 1993.58 
1496 1990.42 
1497 1987.17 
1498 1997.82 
1499 1997.96 
1500 2017.51 
1501 2042.75 
1502 2038.4 
1503 2010.04 
1504 2002.79 
1505 1984.73 
1506 2016.08 
1507 2036.53 
1508 2001.47 
1509 1977.02 
1510 1943.36 
1511 1910.31 
1512 1852.85 
1513 1806.9 
1514 1781.44 
1515 1748.19 
1516 1685.53 
1517 1643.58 
1518 1582.63 
1519 1525.17 
1520 1447.32 
1521 1386.76 
1522 1334.51 
1523 1269.15 
1524 1211.2 
1525 1154.44 
1526 1123.69 
1527 1045.74 
1528 972.381 
1529 893.226 
1530 836.872 
1531 769.818 
1532 704.563 
1533 646.609 
1534 581.354 
1535 513.1 
1536 471.845 
1537 404.491 
1538 342.536 
1539 286.982 
1540 241.227 
1541 182.973 
1542 111.118 
1543 39.7636 
1544 -13.9909 
1545 -84.6454 
1546 -142.9 
1547 -221.254 
1548 -297.609 
1549 -368.463 
1550 -437.218 
1551 -518.872 
1552 -590.827 
1553 -661.981 
1554 -743.636 
1555 -825.49 
1556 -898.545 
1557 -978.499 
1558 -1053.55 
1559 -1134.51 
1560 -1214.76 
1561 -1295.72 
1562 -1377.57 
1563 -1449.03 
1564 -1526.88 
1565 -1600.74 
1566 -1669.99 
1567 -1733.94 
1568 -1805.7 
1569 -1867.15 
1570 -1927.11 
1571 -1996.76 
1572 -2038.52 
1573 -2074.97 
1574 -2124.73 
1575 -2174.18 
1576 -2216.93 
1577 -2241.89 
1578 -2287.24 
1579 -2288.8 
1580 -2260.55 
1581 -2270.71 
1582 -2301.46 
1583 -2333.92 
1584 -2355.17 
1585 -2348.43 
1586 -2344.48 
1587 -2340.23 
1588 -2349.59 
1589 -2330.64 
1590 -2284.3 
1591 -2268.85 
1592 -2262.11 
1593 -2236.66 
1594 -2227.02 
1595 -2230.07 
1596 -2236.92 
1597 -2202.88 
1598 -2173.23 
1599 -2095.49 
1600 -2070.44 
1601 -2076.9 
1602 -2083.05 
1603 -2097.41 
1604 -2083.16 
1605 -2066.41 
1606 -2007.67 
1607 -2019.82 
1608 -2000.68 
1609 -2004.33 
1610 -2014.89 
1611 -1959.94 
1612 -1989.3 
1613 -1943.95 
1614 -1891.41 
1615 -1896.66 
1616 -1890.71 
1617 -1832.97 
1618 -1774.02 
1619 -1729.38 
1620 -1658.63 
1621 -1595.69 
1622 -1531.74 
1623 -1486.7 
1624 -1457.65 
1625 -1454.2 
1626 -1447.56 
1627 -1436.31 
1628 -1415.07 
1629 -1417.32 
1630 -1438.28 
1631 -1441.53 
1632 -1451.99 
1633 -1414.14 
1634 -1413.1 
1635 -1403.25 
1636 -1363.5 
1637 -1305.86 
1638 -1276.81 
1639 -1275.17 
1640 -1291.02 
1641 -1308.38 
1642 -1338.63 
1643 -1384.19 
1644 -1416.24 
1645 -1454.89 
1646 -1441.25 
1647 -1450.2 
1648 -1480.86 
1649 -1517.41 
1650 -1548.87 
1651 -1602.62 
1652 -1648.78 
1653 -1716.23 
1654 -1797.49 
1655 -1857.64 
1656 -1922.49 
1657 -1982.35 
1658 -2057.1 
1659 -2127.36 
1660 -2175.81 
1661 -2231.57 
1662 -2274.52 
1663 -2320.68 
1664 -2390.13 
1665 -2460.98 
1666 -2531.34 
1667 -2578.69 
1668 -2639.35 
1669 -2709.4 
1670 -2778.16 
1671 -2851.51 
1672 -2921.67 
1673 -2991.72 
1674 -3068.57 
1675 -3145.83 
1676 -3213.08 
1677 -3291.54 
1678 -3355.49 
1679 -3426.25 
1680 -3506.8 
1681 -3574.46 
1682 -3645.21 
1683 -3719.77 
1684 -3797.62 
1685 -3868.67 
1686 -3934.73 
1687 -3982.28 
1688 -4053.24 
1689 -4131.69 
1690 -4213.25 
1691 -4283.9 
1692 -4356.96 
1693 -4437.71 
1694 -4511.06 
1695 -4590.22 
1696 -4664.17 
1697 -4743.83 
1698 -4806.38 
1699 -4874.04 
1700 -4927.29 
1701 -4990.55 
1702 -5056.5 
1703 -5125.26 
1704 -5184.61 
1705 -5229.56 
1706 -5294.22 
1707 -5341.87 
1708 -5355.23 
1709 -5356.68 
1710 -5340.54 
1711 -5367.29 
1712 -5359.45 
1713 -5355.3 
1714 -5367.35 
1715 -5394.91 
1716 -5361.56 
1717 -5317.32 
1718 -5315.87 
1719 -5281.73 
1720 -5230.88 
1721 -5185.44 
1722 -5139.69 
1723 -5052.55 
1724 -5029.7 
1725 -4994.05 
1726 -4967.01 
1727 -4917.86 
1728 -4874.72 
1729 -4834.97 
1730 -4807.33 
1731 -4742.38 
1732 -4682.94 
1733 -4614.99 
1734 -4549.24 
1735 -4415.7 
1736 -4367.65 
1737 -4316.21 
1738 -4272.86 
1739 -4198.32 
1740 -4141.57 
1741 -4082.43 
1742 -4077.18 
1743 -4023.03 
1744 -3936.19 
1745 -3853.24 
1746 -3758.4 
1747 -3723.15 
1748 -3695.01 
1749 -3651.16 
1750 -3638.72 
1751 -3620.47 
1752 -3596.93 
1753 -3566.78 
1754 -3547.03 
1755 -3500.69 
1756 -3470.04 
1757 -3432.8 
1758 -3434.95 
1759 -3401.91 
1760 -3387.66 
1761 -3356.32 
1762 -3359.57 
1763 -3323.52 
1764 -3356.98 
1765 -3343.13 
1766 -3338.49 
1767 -3347.34 
1768 -3383.1 
1769 -3383.25 
1770 -3389.91 
1771 -3426.36 
1772 -3406.02 
1773 -3439.97 
1774 -3458.52 
1775 -3469.38 
1776 -3483.63 
1777 -3516.49 
1778 -3549.64 
1779 -3579.8 
1780 -3628.35 
1781 -3691.31 
1782 -3727.06 
1783 -3772.51 
1784 -3773.97 
1785 -3831.92 
1786 -3899.78 
1787 -3926.13 
1788 -3957.59 
1789 -3978.74 
1790 -3996.7 
1791 -4054.35 
1792 -4093.21 
1793 -4137.96 
1794 -4204.81 
1795 -4234.37 
1796 -4258.12 
1797 -4282.88 
1798 -4313.13 
1799 -4373.89 
1800 -4423.34 
1801 -4489.9 
1802 -4541.45 
1803 -4599.7 
1804 -4668.66 
1805 -4716.41 
1806 -4775.77 
1807 -4852.72 
1808 -4920.58 
1809 -4980.73 
1810 -5049.59 
1811 -5113.84 
1812 -5179.99 
1813 -5239.05 
1814 -5306.5 
1815 -5361.56 
1816 -5418.11 
1817 -5479.87 
1818 -5547.82 
1819 -5622.58 
1820 -5690.53 
1821 -5750.79 
1822 -5825.14 
1823 -5906.49 
1824 -5987.95 
1825 -6065.8 
1826 -6140.26 
1827 -6222.11 
1828 -6286.97 
1829 -6359.12 
1830 -6439.78 
1831 -6519.93 
1832 -6600.88 
1833 -6676.44 
1834 -6751.89 
1835 -6833.75 
1836 -6906.3 
1837 -6988.16 
1838 -7049.31 
1839 -7131.17 
1840 -7208.32 
1841 -7287.78 
1842 -7368.13 
1843 -7446.18 
1844 -7515.44 
1845 -7570.09 
1846 -7634.75 
1847 -7714.8 
1848 -7782.76 
1849 -7836.21 
1850 -7895.57 
1851 -7933.92 
1852 -7991.47 
1853 -8046.13 
1854 -8081.58 
1855 -8115.44 
1856 -8178.79 
1857 -8195.85 
1858 -8203.5 
1859 -8209.16 
1860 -8238.41 
1861 -8279.47 
1862 -8299.42 
1863 -8309.67 
1864 -8325.83 
1865 -8337.88 
1866 -8335.44 
1867 -8320.19 
1868 -8351.85 
1869 -8343.3 
1870 -8361.76 
1871 -8352.51 
1872 -8343.16 
1873 -8282.02 
1874 -8269.57 
1875 -8285.93 
1876 -8287.88 
1877 -8288.14 
1878 -8248.39 
1879 -8232.15 
1880 -8222.2 
1881 -8172.85 
1882 -8076.01 
1883 -8065.36 
1884 -8071.42 
1885 -8100.97 
1886 -8075.43 
1887 -8065.08 
1888 -8050.74 
1889 -8027.29 
1890 -7936.45 
1891 -7938.7 
1892 -7927.05 
1893 -7979.21 
1894 -7996.26 
1895 -7970.12 
1896 -7924.57 
1897 -7826.13 
1898 -7806.88 
1899 -7801.14 
1900 -7811.59 
1901 -7826.24 
1902 -7825.2 
1903 -7816.55 
1904 -7756.71 
1905 -7729.46 
1906 -7708.82 
1907 -7711.77 
1908 -7728.23 
1909 -7753.48 
1910 -7787.44 
1911 -7773.19 
1912 -7787.04 
1913 -7788.7 
1914 -7804.75 
1915 -7735.71 
1916 -7672.66 
1917 -7700.62 
1918 -7706.57 
1919 -7722.53 
1920 -7709.78 
1921 -7714.03 
1922 -7685.39 
1923 -7713.54 
1924 -7735.4 
1925 -7779.45 
1926 -7801.71 
1927 -7845.06 
1928 -7862.22 
1929 -7846.67 
1930 -7835.52 
1931 -7827.18 
1932 -7865.03 
1933 -7894.39 
1934 -7940.54 
1935 -8008.3 
1936 -8053.25 
1937 -8114.61 
1938 -8172.96 
1939 -8235.52 
1940 -8273.67 
1941 -8291.62 
1942 -8365.18 
1943 -8437.43 
1944 -8513.69 
1945 -8580.54 
1946 -8649.4 
1947 -8703.65 
1948 -8770.41 
1949 -8848.56 
1950 -8924.51 
1951 -8999.67 
1952 -9074.82 
1953 -9152.18 
1954 -9227.03 
1955 -9305.19 
1956 -9386.64 
1957 -9468.5 
1958 -9542.15 
1959 -9616.41 
1960 -9690.86 
1961 -9765.81 
1962 -9842.77 
1963 -9924.12 
1964 -9990.08 
1965 -10064.3 
1966 -10144.3 
1967 -10215.5 
1968 -10293.6 
1969 -10370.7 
1970 -10451.7 
1971 -10532 
1972 -10613.8 
1973 -10695.7 
1974 -10774.6 
1975 -10856.1 
1976 -10935.9 
1977 -11012.6 
1978 -11093.2 
1979 -11168.8 
1980 -11245.9 
1981 -11323.4 
1982 -11400 
1983 -11452.9 
1984 -11526.1 
1985 -11588.8 
1986 -11661.6 
1987 -11730.5 
1988 -11791.2 
1989 -11859.3 
1990 -11913.9 
1991 -11958.4 
1992 -12001.8 
1993 -12013.3 
1994 -12030.3 
1995 -12043.3 
1996 -12070 
1997 -12037.2 
1998 -11999.6 
1999 -11965.5 
2000 -11964.9 
2001 -11957.7 
2002 -11968.6 
2003 -11993 
2004 -11999.4 
2005 -11988.8 
2006 -11959 
2007 -11921 
2008 -11878.9 
2009 -11847.8 
2010 -11840.4 
2011 -11863.6 
2012 -11870.4 
2013 -11867.7 
2014 -11840.1 
2015 -11833.7 
2016 -11791 
2017 -11753 
2018 -11676.8 
2019 -11634.1 
2020 -11525.7 
2021 -11416.2 
2022 -11298.3 
2023 -11122.5 
2024 -10988.7 
2025 -10950.3 
2026 -10871.5 
2027 -10737.8 
2028 -10659.7 
2029 -10632.8 
2030 -10594.3 
2031 -10542 
2032 -10496 
2033 -10478.8 
2034 -10381.2 
2035 -10293.4 
2036 -10242.1 
2037 -10182.3 
2038 -10125.1 
2039 -10108.5 
2040 -10110.1 
2041 -10059.5 
2042 -10030.4 
2043 -10026 
2044 -9960.94 
2045 -9857.49 
2046 -9831.55 
2047 -9798.3 
2048 -9789.06 
2049 -9782.91 
2050 -9794.86 
2051 -9818.72 
2052 -9815.27 
2053 -9807.33 
2054 -9772.28 
2055 -9829.44 
2056 -9855.89 
2057 -9873.15 
2058 -9909.3 
2059 -9959.25 
2060 -9980.61 
2061 -9979.76 
2062 -10016.3 
2063 -10048.4 
2064 -10077.7 
2065 -10112.5 
2066 -10149.8 
2067 -10177.7 
2068 -10222.5 
2069 -10248.2 
2070 -10260.4 
2071 -10304.2 
2072 -10356.5 
2073 -10408 
2074 -10460.3 
2075 -10508.2 
2076 -10570.4 
2077 -10608.3 
2078 -10598.9 
2079 -10662.4 
2080 -10730.9 
2081 -10803 
2082 -10866.5 
2083 -10937.5 
2084 -11011.5 
2085 -11083 
2086 -11152.6 
2087 -11205.5 
2088 -11279.8 
2089 -11359.2 
2090 -11435.5 
2091 -11507.2 
2092 -11583.8 
2093 -11650.3 
2094 -11726.3 
2095 -11807.3 
2096 -11867.1 
2097 -11929.4 
2098 -11994.6 
2099 -12071.8 
2100 -12152.9 
2101 -12226.2 
2102 -12305.1 
2103 -12368.1 
2104 -12415.3 
2105 -12457.2 
2106 -12492.1 
2107 -12541.9 
2108 -12581.8 
2109 -12621.1 
2110 -12665.4 
2111 -12719.8 
2112 -12792.5 
2113 -12835.8 
2114 -12887.7 
2115 -12916.5 
2116 -12927 
2117 -12929.7 
2118 -12947.4 
2119 -12965.9 
2120 -12947.5 
2121 -12914 
2122 -12898.3 
2123 -12815.7 
2124 -12777.9 
2125 -12743.4 
2126 -12721 
2127 -12738.7 
2128 -12713.5 
2129 -12673 
2130 -12667.6 
2131 -12646.8 
2132 -12627.2 
2133 -12589.8 
2134 -12570.8 
2135 -12520.3 
2136 -12466.2 
2137 -12392.9 
2138 -12358.7 
2139 -12284.7 
2140 -12234.7 
2141 -12218 
2142 -12208.3 
2143 -12200.5 
2144 -12168.3 
2145 -12144.9 
2146 -12114.7 
2147 -12121.2 
2148 -12063.9 
2149 -12023.4 
2150 -11962.8 
2151 -11910.4 
2152 -11863.9 
2153 -11793.4 
2154 -11711.8 
2155 -11654.1 
2156 -11586.3 
2157 -11565.9 
2158 -11563.8 
2159 -11547.4 
2160 -11514.5 
2161 -11491.6 
2162 -11489.7 
2163 -11483.6 
2164 -11468.5 
2165 -11430.4 
2166 -11395.2 
2167 -11367.4 
2168 -11392 
2169 -11383.7 
2170 -11330.5 
2171 -11232.5 
2172 -11205.5 
2173 -11204.3 
2174 -11227.7 
2175 -11245.9 
2176 -11266.3 
2177 -11300.2 
2178 -11345.5 
2179 -11385.9 
2180 -11414.2 
2181 -11438.9 
2182 -11461.4 
2183 -11500.2 
2184 -11557.7 
2185 -11567.7 
2186 -11599.5 
2187 -11629.3 
2188 -11670.4 
2189 -11726.7 
2190 -11779.6 
2191 -11839.8 
2192 -11890 
2193 -11955.3 
2194 -12005.9 
2195 -12058.1 
2196 -12119.8 
2197 -12184.1 
2198 -12247.1 
2199 -12310.3 
2200 -12362.4 
2201 -12407.4 
2202 -12473.2 
2203 -12543.8 
2204 -12619.1 
2205 -12686.1 
2206 -12754.3 
2207 -12817.6 
2208 -12879.1 
2209 -12924 
2210 -12989.1 
2211 -13066 
2212 -13142.6 
2213 -13215.7 
2214 -13292.9 
2215 -13374.4 
2216 -13447.7 
2217 -13524.6 
2218 -13605.4 
2219 -13686.9 
2220 -13763 
2221 -13832 
2222 -13906.6 
2223 -13969.7 
2224 -14018.6 
2225 -14089.3 
2226 -14155.9 
2227 -14223.8 
2228 -14299 
2229 -14371.3 
2230 -14438.7 
2231 -14494.8 
2232 -14545.6 
2233 -14593.3 
2234 -14636.7 
2235 -14698.1 
2236 -14734.6 
2237 -14740.3 
2238 -14765.6 
2239 -14797.3 
2240 -14809 
2241 -14802.2 
2242 -14777 
2243 -14756.4 
2244 -14733.5 
2245 -14691.5 
2246 -14644.9 
2247 -14602 
2248 -14593 
2249 -14558.1 
2250 -14552.8 
2251 -14489.6 
2252 -14444.8 
2253 -14378.4 
2254 -14268 
2255 -14144.2 
2256 -14005.2 
2257 -13872.9 
2258 -13815.1 
2259 -13714.8 
2260 -13602.2 
2261 -13467 
2262 -13307 
2263 -13159.4 
2264 -13073.3 
2265 -12947 
2266 -12904.9 
2267 -12838.9 
2268 -12756.7 
2269 -12640 
2270 -12577.7 
2271 -12491.1 
2272 -12360.7 
2273 -12279.9 
2274 -12086.2 
2275 -11975.2 
2276 -11907.8 
2277 -11824.3 
2278 -11702.6 
2279 -11629.7 
2280 -11577.7 
2281 -11530.6 
2282 -11504.6 
2283 -11404.6 
2284 -11289.1 
2285 -11202.7 
2286 -11121.9 
2287 -11027.5 
2288 -10921.6 
2289 -10856.6 
2290 -10824.7 
2291 -10836.4 
2292 -10834.2 
2293 -10816.9 
2294 -10759.9 
2295 -10740.6 
2296 -10731.9 
2297 -10673.9 
2298 -10643.3 
2299 -10549.2 
2300 -10520.3 
2301 -10510.6 
2302 -10495.1 
2303 -10463.2 
2304 -10468.9 
2305 -10476.5 
2306 -10480.8 
2307 -10508.1 
2308 -10540.9 
2309 -10523.2 
2310 -10493.6 
2311 -10475.4 
2312 -10447.4 
2313 -10452.1 
2314 -10470 
2315 -10495.6 
2316 -10518 
2317 -10511.9 
2318 -10503.4 
2319 -10484 
2320 -10524.1 
2321 -10587 
2322 -10639.3 
2323 -10687.4 
2324 -10740.6 
2325 -10790.4 
2326 -10821 
2327 -10865.3 
2328 -10926.4 
2329 -10960.2 
2330 -10996.3 
2331 -11034.7 
2332 -11092.9 
2333 -11162.1 
2334 -11221.9 
2335 -11271.5 
2336 -11336.6 
2337 -11405.5 
2338 -11470.4 
2339 -11520.8 
2340 -11596.6 
2341 -11677.6 
2342 -11741.2 
2343 -11822.6 
2344 -11900.4 
2345 -11974 
2346 -12047.4 
2347 -12101.3 
2348 -12159.5 
2349 -12213.3 
2350 -12277.2 
2351 -12311.7 
2352 -12362.7 
2353 -12423.4 
2354 -12469.3 
2355 -12497.8 
2356 -12528.6 
2357 -12550.3 
2358 -12561.1 
2359 -12599.9 
2360 -12623.7 
2361 -12591 
2362 -12596.3 
2363 -12632.4 
2364 -12635 
2365 -12573 
2366 -12527.2 
2367 -12482.9 
2368 -12423.2 
2369 -12382.4 
2370 -12270.6 
2371 -12173.8 
2372 -12098.2 
2373 -12009.6 
2374 -11885.1 
2375 -11764.1 
2376 -11682.2 
2377 -11575.2 
2378 -11473.2 
2379 -11343 
2380 -11139.8 
2381 -10989.6 
2382 -10848 
2383 -10662.4 
2384 -10504.4 
2385 -10354.5 
2386 -10255.1 
2387 -10172 
2388 -10100.3 
2389 -10060.1 
2390 -10007.7 
2391 -9821.05 
2392 -9656.5 
2393 -9500.86 
2394 -9381.31 
2395 -9239.46 
2396 -9118.42 
2397 -9007.37 
2398 -8953.63 
2399 -8840.18 
2400 -8753.44 
2401 -8577.29 
2402 -8436.15 
2403 -8309.9 
2404 -8241.35 
2405 -8150.81 
2406 -8054.36 
2407 -7960.92 
2408 -7836.97 
2409 -7732.53 
2410 -7611.18 
2411 -7526.44 
2412 -7464.39 
2413 -7411.94 
2414 -7338.4 
2415 -7259.65 
2416 -7191.01 
2417 -7154.56 
2418 -7107.52 
2419 -7068.77 
2420 -7077.93 
2421 -7072.78 
2422 -7076.94 
2423 -7082.09 
2424 -7078.94 
2425 -7076 
2426 -7078.55 
2427 -7028.71 
2428 -6956.86 
2429 -6896.32 
2430 -6890.97 
2431 -6886.33 
2432 -6850.48 
2433 -6859.03 
2434 -6866.69 
2435 -6883.54 
2436 -6907.5 
2437 -6956.95 
2438 -7007.31 
2439 -7047.46 
2440 -7095.72 
2441 -7125.57 
2442 -7151.33 
2443 -7155.38 
2444 -7196.83 
2445 -7244.49 
2446 -7294.54 
2447 -7327.5 
2448 -7371.45 
2449 -7447.41 
2450 -7514.56 
2451 -7556.82 
2452 -7620.37 
2453 -7670.72 
2454 -7739.88 
2455 -7788.13 
2456 -7841.99 
2457 -7911.54 
2458 -7990.9 
2459 -8068.85 
2460 -8150.31 
2461 -8231.36 
2462 -8297.41 
2463 -8376.57 
2464 -8457.22 
2465 -8538.68 
2466 -8613.23 
2467 -8682.49 
2468 -8762.04 
2469 -8833.4 
2470 -8901.85 
2471 -8972.41 
2472 -9020.86 
2473 -9072.81 
2474 -9147.37 
2475 -9212.82 
2476 -9253.38 
2477 -9290.03 
2478 -9333.69 
2479 -9357.54 
2480 -9378.6 
2481 -9377.45 
2482 -9333 
2483 -9306.06 
2484 -9283.81 
2485 -9190.07 
2486 -9104.22 
2487 -9029.38 
2488 -8917.83 
2489 -8834.59 
2490 -8733.74 
2491 -8575.4 
2492 -8411.85 
2493 -8273.8 
2494 -8070.66 
2495 -7880.51 
2496 -7728.67 
2497 -7626.02 
2498 -7485.08 
2499 -7318.93 
2500 -7167.79 
2501 -6965.34 
2502 -6782.09 
2503 -6640.25 
2504 -6388.1 
2505 -6110.56 
2506 -5893.81 
2507 -5636.67 
2508 -5431.82 
2509 -5280.08 
2510 -5091.93 
2511 -4896.19 
2512 -4729.84 
2513 -4568.79 
2514 -4379.65 
2515 -4178 
2516 -3974.76 
2517 -3799.71 
2518 -3665.97 
2519 -3482.12 
2520 -3256.28 
2521 -3135.53 
2522 -2954.38 
2523 -2804.94 
2524 -2643.19 
2525 -2486.15 
2526 -2356.1 
2527 -2155.36 
2528 -2031.61 
2529 -1955.77 
2530 -1862.02 
2531 -1766.77 
2532 -1641.43 
2533 -1573.38 
2534 -1510.64 
2535 -1419.79 
2536 -1332.35 
2537 -1258.2 
2538 -1167.66 
2539 -1059.51 
2540 -961.265 
2541 -925.82 
2542 -880.774 
2543 -841.429 
2544 -841.183 
2545 -857.638 
2546 -864.292 
2547 -859.247 
2548 -868.801 
2549 -841.156 
2550 -823.71 
2551 -826.365 
2552 -818.119 
2553 -846.274 
2554 -881.628 
2555 -906.583 
2556 -933.337 
2557 -943.492 
2558 -960.446 
2559 -976.401 
2560 -996.355 
2561 -1018.61 
2562 -1069.06 
2563 -1119.42 
2564 -1128.57 
2565 -1154.33 
2566 -1197.38 
2567 -1246.04 
2568 -1299.19 
2569 -1345.85 
2570 -1402.9 
2571 -1443.05 
2572 -1463.81 
2573 -1494.46 
2574 -1547.62 
2575 -1581.97 
2576 -1608.63 
2577 -1640.38 
2578 -1688.54 
2579 -1748.79 
2580 -1808.05 
2581 -1864.6 
2582 -1922.35 
2583 -1991.31 
2584 -2058.86 
2585 -2127.22 
2586 -2204.27 
2587 -2272.33 
2588 -2347.18 
2589 -2419.84 
2590 -2490.59 
2591 -2550.34 
2592 -2606.8 
2593 -2667.85 
2594 -2732.21 
2595 -2803.86 
2596 -2851.22 
2597 -2909.77 
2598 -2974.33 
2599 -3042.88 
2600 -3100.23 
2601 -3152.99 
2602 -3212.04 
2603 -3269.2 
2604 -3310.75 
2605 -3357.31 
2606 -3402.76 
2607 -3415.62 
2608 -3433.27 
2609 -3447.43 
2610 -3449.08 
2611 -3458.33 
2612 -3469.09 
2613 -3469.74 
2614 -3470.6 
2615 -3452.65 
2616 -3377.51 
2617 -3326.76 
2618 -3250.32 
2619 -3233.77 
2620 -3193.12 
2621 -3179.58 
2622 -3131.93 
2623 -3061.99 
2624 -3035.14 
2625 -2992 
2626 -2940.25 
2627 -2843.11 
2628 -2752.46 
2629 -2675.82 
2630 -2627.17 
2631 -2594.02 
2632 -2495.88 
2633 -2421.53 
2634 -2367.19 
2635 -2294.24 
2636 -2210.1 
2637 -2139.45 
2638 -2099.61 
2639 -2025.96 
2640 -1960.01 
2641 -1871.37 
2642 -1760.92 
2643 -1691.68 
2644 -1603.63 
2645 -1535.39 
2646 -1480.14 
2647 -1423.2 
2648 -1375.75 
2649 -1322.21 
2650 -1271.66 
2651 -1214.91 
2652 -1138.87 
2653 -1039.92 
2654 -976.078 
2655 -902.832 
2656 -804.187 
2657 -734.741 
2658 -657.296 
2659 -607.45 
2660 -548.505 
2661 -507.759 
2662 -454.813 
2663 -418.468 
2664 -371.122 
2665 -341.177 
2666 -337.131 
2667 -317.386 
2668 -317.74 
2669 -328.895 
2670 -296.049 
2671 -290.904 
2672 -301.458 
2673 -309.913 
2674 -302.267 
2675 -267.622 
2676 -262.476 
2677 -219.031 
2678 -187.385 
2679 -179.64 
2680 -147.594 
2681 -104.749 
2682 -78.3033 
2683 -51.2578 
2684 -42.4123 
2685 -37.3668 
2686 -60.0213 
2687 -77.5758 
2688 -97.6303 
2689 -118.585 
2690 -135.039 
2691 -135.094 
2692 -156.648 
2693 -182.403 
2694 -231.057 
2695 -276.312 
2696 -274.066 
2697 -312.221 
2698 -359.775 
2699 -408.33 
2700 -450.784 
2701 -495.339 
2702 -546.293 
2703 -570.648 
2704 -596.202 
2705 -626.557 
2706 -629.311 
2707 -663.266 
2708 -687.92 
2709 -702.575 
2710 -748.529 
2711 -800.784 
2712 -855.338 
2713 -920.493 
2714 -985.447 
2715 -1059.6 
2716 -1128.36 
2717 -1193.51 
2718 -1234.97 
2719 -1260.12 
2720 -1321.67 
2721 -1389.93 
2722 -1443.88 
2723 -1514.14 
2724 -1584.09 
2725 -1659.55 
2726 -1709.9 
2727 -1764.46 
2728 -1828.11 
2729 -1892.06 
2730 -1971.02 
2731 -2028.77 
2732 -2090.63 
2733 -2142.78 
2734 -2216.74 
2735 -2276.29 
2736 -2334.35 
2737 -2382.9 
2738 -2451.75 
2739 -2514.61 
2740 -2569.46 
2741 -2596.42 
2742 -2647.67 
2743 -2686.53 
2744 -2705.98 
2745 -2725.74 
2746 -2765.99 
2747 -2786.45 
2748 -2794.6 
2749 -2743.85 
2750 -2717.31 
2751 -2657.96 
2752 -2622.72 
2753 -2569.97 
2754 -2552.13 
2755 -2551.58 
2756 -2437.74 
2757 -2342.49 
2758 -2285.84 
2759 -2193.8 
2760 -2039.75 
2761 -1926.91 
2762 -1813.46 
2763 -1751.62 
2764 -1643.17 
2765 -1513.33 
2766 -1369.48 
2767 -1249.94 
2768 -1064.89 
2769 -883.144 
2770 -705.499 
2771 -537.753 
2772 -393.508 
2773 -255.962 
2774 -159.117 
2775 -8.77114 
2776 164.074 
2777 304.92 
2778 415.965 
2779 525.811 
2780 663.556 
2781 815.002 
2782 942.647 
2783 1107.69 
2784 1182.44 
2785 1290.48 
2786 1405.23 
2787 1548.67 
2788 1661.52 
2789 1711.27 
2790 1834.71 
2791 1995.36 
2792 2158.8 
2793 2293.15 
2794 2397.29 
2795 2510.84 
2796 2578.78 
2797 2727.83 
2798 2867.08 
2799 2955.52 
2800 2992.97 
2801 3074.81 
2802 3132.36 
2803 3212.4 
2804 3297.95 
2805 3350.39 
2806 3396.04 
2807 3483.19 
2808 3516.83 
2809 3508.08 
2810 3514.92 
2811 3542.67 
2812 3593.31 
2813 3642.96 
2814 3670 
2815 3684.15 
2816 3672.19 
2817 3662.84 
2818 3626.69 
2819 3590.43 
2820 3583.38 
2821 3611.72 
2822 3646.57 
2823 3655.11 
2824 3670.16 
2825 3653.4 
2826 3627.25 
2827 3580.4 
2828 3521.14 
2829 3451.89 
2830 3396.53 
2831 3336.08 
2832 3272.02 
2833 3210.87 
2834 3145.91 
2835 3084.46 
2836 3035 
2837 2981.45 
2838 2939.5 
2839 2867.74 
2840 2790.19 
2841 2730.33 
2842 2666.38 
2843 2600.32 
2844 2521.27 
2845 2467.31 
2846 2399.26 
2847 2339.81 
2848 2274.05 
2849 2192.8 
2850 2129.04 
2851 2057.09 
2852 1980.33 
2853 1938.58 
2854 1872.12 
2855 1796.07 
2856 1724.01 
2857 1645.56 
2858 1581.11 
2859 1545.25 
2860 1502.5 
2861 1439.44 
2862 1395.79 
2863 1361.83 
2864 1322.18 
2865 1303.72 
2866 1270.67 
2867 1217.92 
2868 1206.56 
2869 1170.11 
2870 1179.45 
2871 1206.4 
2872 1198.74 
2873 1241.19 
2874 1290.73 
2875 1348.28 
2876 1409.13 
2877 1483.77 
2878 1558.72 
2879 1708.06 
2880 1836.31 
2881 1963.15 
2882 2051.7 
2883 2136.14 
2884 2249.69 
2885 2452.33 
2886 2550.98 
2887 2701.13 
2888 2844.37 
2889 2974.72 
2890 3131.06 
2891 3260.61 
2892 3406.15 
2893 3496.1 
2894 3605.94 
2895 3713.79 
2896 3807.14 
2897 3878.58 
2898 3987.83 
2899 4158.07 
2900 4245.32 
2901 4362.86 
2902 4459.81 
2903 4575.05 
2904 4688.5 
2905 4846.94 
2906 4962.09 
2907 5077.84 
2908 5162.88 
2909 5305.73 
2910 5464.07 
2911 5623.02 
2912 5710.06 
2913 5825.31 
2914 5902.95 
2915 6033.7 
2916 6150.15 
2917 6298.99 
2918 6368.14 
2919 6428.48 
2920 6440.93 
2921 6457.57 
2922 6489.92 
2923 6499.96 
2924 6512.11 
2925 6563.65 
2926 6611.4 
2927 6651.55 
2928 6651.09 
2929 6697.04 
2930 6717.58 
2931 6730.13 
2932 6727.07 
2933 6714.82 
2934 6713.36 
2935 6694.01 
2936 6643.36 
2937 6632.6 
2938 6598.95 
2939 6585.49 
2940 6588.54 
2941 6561.58 
2942 6527.23 
2943 6472.77 
2944 6420.72 
2945 6378.57 
2946 6347.31 
2947 6299.76 
2948 6258.4 
2949 6243.65 
2950 6191.29 
2951 6141.64 
2952 6092.38 
2953 6056.33 
2954 6020.77 
2955 5960.52 
2956 5898.07 
2957 5838.71 
2958 5777.26 
2959 5713.6 
2960 5647.45 
2961 5596.19 
2962 5528.34 
2963 5461.38 
2964 5392.83 
2965 5318.68 
2966 5249.42 
2967 5174.37 
2968 5100.11 
2969 5034.76 
2970 4964.7 
2971 4902.55 
2972 4823.69 
2973 4742.54 
2974 4685.58 
2975 4617.73 
2976 4543.28 
2977 4472.42 
2978 4402.67 
2979 4343.81 
2980 4287.36 
2981 4226.3 
2982 4157.35 
2983 4111.19 
2984 4089.04 
2985 4039.99 
2986 4008.53 
2987 3982.18 
2988 3944.82 
2989 3913.17 
2990 3913.31 
2991 3902.06 
2992 3894.2 
2993 3902.85 
2994 3917.7 
2995 3956.94 
2996 4007.09 
2997 4003.73 
2998 4019.18 
2999 4056.52 
3000 4060.67 
3001 4076.81 
3002 4098.46 
3003 4110.2 
3004 4177.95 
3005 4303.3 
3006 4394.94 
3007 4455.39 
3008 4479.83 
3009 4566.68 
3010 4673.12 
3011 4708.07 
3012 4759.31 
3013 4843.16 
3014 4979.01 
3015 5088.65 
3016 5172.7 
3017 5278.84 
3018 5441.29 
3019 5539.93 
3020 5614.08 
3021 5673.82 
3022 5750.07 
3023 5811.51 
3024 5872.26 
3025 5911.91 
3026 5995.85 
3027 6075.7 
3028 6135.94 
3029 6256.99 
3030 6298.13 
3031 6377.78 
3032 6534.12 
3033 6646.37 
3034 6741.12 
3035 6872.66 
3036 6975.41 
3037 7063.75 
3038 7129 
3039 7234.04 
3040 7339.69 
3041 7386.63 
3042 7465.78 
3043 7559.52 
3044 7665.57 
3045 7734.92 
3046 7800.26 
3047 7853.71 
3048 7905.35 
3049 7899.2 
3050 7918.04 
3051 7934.09 
3052 7939.03 
3053 7975.88 
3054 8022.33 
3055 8055.87 
3056 8052.52 
3057 8068.46 
3058 8069.51 
3059 8059.85 
3060 8038.6 
3061 8031.34 
3062 8024.29 
3063 8001.64 
3064 7992.58 
3065 7977.23 
3066 7979.17 
3067 7967.02 
3068 7933.96 
3069 7926.31 
3070 7914.55 
3071 7861.6 
3072 7827.84 
3073 7789.49 
3074 7747.24 
3075 7704.08 
3076 7684.13 
3077 7659.07 
3078 7639.62 
3079 7618.26 
3080 7573.61 
3081 7504.95 
3082 7450.6 
3083 7428.05 
3084 7367.09 
3085 7290.94 
3086 7226.38 
3087 7194.83 
3088 7150.17 
3089 7092.82 
3090 7033.16 
3091 6972.11 
3092 6913.95 
3093 6847 
3094 6800.85 
3095 6741.29 
3096 6688.74 
3097 6625.28 
3098 6550.63 
3099 6474.17 
3100 6411.82 
3101 6351.26 
3102 6284.51 
3103 6212.46 
3104 6134.6 
3105 6054.25 
3106 5975.19 
3107 5910.64 
3108 5832.88 
3109 5753.93 
3110 5687.57 
3111 5609.32 
3112 5532.06 
3113 5455.41 
3114 5374.16 
3115 5292.6 
3116 5211.95 
3117 5134.29 
3118 5059.04 
3119 4978.18 
3120 4897.63 
3121 4816.97 
3122 4735.72 
3123 4655.07 
3124 4576.11 
3125 4500.56 
3126 4424.2 
3127 4342.35 
3128 4267.59 
3129 4193.44 
3130 4118.48 
3131 4052.93 
3132 3990.58 
3133 3937.22 
3134 3879.37 
3135 3807.91 
3136 3739.96 
3137 3676.9 
3138 3620.25 
3139 3567.99 
3140 3522.54 
3141 3474.28 
3142 3426.83 
3143 3369.48 
3144 3314.92 
3145 3281.37 
3146 3278.11 
3147 3272.36 
3148 3248.7 
3149 3222.95 
3150 3205.59 
3151 3189.54 
3152 3227.79 
3153 3271.63 
3154 3328.88 
3155 3356.32 
3156 3368.87 
3157 3334.81 
3158 3339.56 
3159 3343.6 
3160 3358.25 
3161 3368.39 
3162 3386.64 
3163 3399.59 
3164 3411.43 
3165 3406.08 
3166 3411.82 
3167 3386.77 
3168 3401.01 
3169 3380.06 
3170 3376.5 
3171 3401.95 
3172 3440.3 
3173 3435.14 
3174 3439.49 
3175 3449.43 
3176 3422.08 
3177 3454.62 
3178 3486.67 
3179 3529.01 
3180 3564.16 
3181 3628.4 
3182 3675.25 
3183 3705.9 
3184 3736.54 
3185 3757.59 
3186 3775.93 
3187 3800.98 
3188 3849.12 
3189 3857.27 
3190 3879.01 
3191 3910.06 
3192 3921.21 
3193 3906.05 
3194 3878.7 
3195 3872.14 
3196 3879.09 
3197 3863.73 
3198 3847.68 
3199 3830.22 
3200 3826.97 
3201 3808.72 
3202 3789.06 
3203 3765.21 
3204 3740.35 
3205 3714.9 
3206 3687.14 
3207 3643.19 
3208 3612.83 
3209 3551.48 
3210 3502.02 
3211 3470.37 
3212 3433.12 
3213 3384.66 
3214 3324.21 
3215 3260.85 
3216 3205.1 
3217 3149.64 
3218 3085.49 
3219 3035.93 
3220 2972.98 
3221 2910.33 
3222 2846.27 
3223 2797.02 
3224 2758.86 
3225 2690.21 
3226 2614.05 
3227 2540.4 
3228 2465.34 
3229 2394.19 
3230 2314.83 
3231 2241.88 
3232 2173.13 
3233 2106.87 
3234 2026.62 
3235 1953.46 
3236 1874.91 
3237 1797.95 
3238 1721 
3239 1642.24 
3240 1568.09 
3241 1487.04 
3242 1414.58 
3243 1341.83 
3244 1269.87 
3245 1189.22 
3246 1108.26 
3247 1026.91 
3248 946.154 
3249 864.699 
3250 783.345 
3251 702.99 
3252 627.336 
3253 545.681 
3254 465.327 
3255 388.672 
3256 307.018 
3257 230.963 
3258 155.409 
3259 81.1545 
3260 4.88711e-11 
