0 69.8236 -1 1749 
1 78.5775 -1 1749 
2 92.058 -1 1749 
3 69.1628 -1 1749 
4 118.99 -1 1749 
5 117.338 -1 1749 
6 136.905 -1 1749 
7 90.0901 -1 1749 
8 106.691 -1 1749 
9 106.508 -1 1749 
10 245.439 -1 1749 
11 123.485 -1 1749 
12 103.943 -1 1750 
13 108.415 -1 1750 
14 130.699 -1 1750 
15 129.196 -1 1750 
16 131.907 -1 1750 
17 148.431 -1 1750 
18 123.77 -1 1750 
19 152.823 -1 1750 
20 132.693 -1 1750 
21 89.6792 -1 1750 
22 85.0842 -1 1750 
23 104.609 -1 1750 
24 94.8553 -1 1751 
25 49.825 -1 1751 
26 51.92 -1 1751 
27 69.4423 -1 1751 
28 75.5944 -1 1751 
29 57.7785 -1 1751 
30 82.5973 -1 1751 
31 70.5534 -1 1751 
32 8.74957 -1 1751 
33 6.88881 -1 1751 
34 14.2741 -1 1751 
35 38.6087 -1 1751 
36 22.0956 -1 1752 
37 45.5384 -1 1752 
38 78.9404 -1 1752 
39 57.8051 -1 1752 
40 56.836 -1 1752 
41 21.6369 -1 1752 
42 84.6113 -1 1752 
43 0.962948 -1 1752 
44 -4.40432 -1 1752 
45 26.3132 -1 1752 
46 9.51945 -1 1752 
47 11.7181 -1 1752 
48 16.5131 -1 1753 
49 -5.29188 -1 1753 
50 15.8071 -1 1753 
51 1.11374 -1 1753 
52 -3.96816 -1 1753 
53 -12.9349 -1 1753 
54 -30.7828 -1 1753 
55 -4.20823 -1 1753 
56 -24.2077 -1 1753 
57 -30.8776 -1 1753 
58 -40.9146 -1 1753 
59 -64.6154 -1 1753 
60 -77.3767 -1 1754 
61 -73.8954 -1 1754 
62 -77.5684 -1 1754 
63 -58.9929 -1 1754 
64 -48.666 -1 1754 
65 -39.985 -1 1754 
66 -54.4474 -1 1754 
67 -66.4508 -1 1754 
68 -74.3928 -1 1754 
69 -48.9714 -1 1754 
70 -68.1846 -1 1754 
71 -84.1305 -1 1754 
72 -75.0074 -1 1755 
73 -74.1138 -1 1755 
74 -82.2483 -1 1755 
75 -83.4099 -1 1755 
76 -94.7973 -1 1755 
77 -95.3099 -1 1755 
78 -81.4469 -1 1755 
79 -90.8077 -1 1755 
80 -66.6921 -1 1755 
81 -57.0999 -1 1755 
82 -85.431 -1 1755 
83 -63.4858 -1 1755 
84 -75.9644 -1 1756 
85 -84.8676 -1 1756 
86 -87.4959 -1 1756 
87 -80.5502 -1 1756 
88 -75.1315 -1 1756 
89 -74.0412 -1 1756 
90 -89.0804 -1 1756 
91 -83.8508 -1 1756 
92 -74.254 -1 1756 
93 -69.4918 -1 1756 
94 -64.2662 -1 1756 
95 -76.0793 -1 1756 
96 -67.4334 -1 1757 
97 -54.7308 -1 1757 
98 -45.374 -1 1757 
99 -38.0657 -1 1757 
100 -23.5085 -1 1757 
101 -64.6054 -1 1757 
102 -43.0593 -1 1757 
103 1.92671 -1 1757 
104 -16.1504 -1 1757 
105 -26.8939 -1 1757 
106 27.9929 -1 1757 
107 -22.6933 -1 1757 
108 -14.4559 -1 1758 
109 10.9015 -1 1758 
110 7.27552 -1 1758 
111 47.4626 -1 1758 
112 5.65906 -1 1758 
113 4.76142 -1 1758 
114 4.46603 -1 1758 
115 -2.93071 -1 1758 
116 38.1676 -1 1758 
117 -1.8427 -1 1758 
118 8.43488 -1 1758 
119 9.79678 -1 1758 
120 19.9395 -1 1759 
121 14.0595 -1 1759 
122 20.0534 -1 1759 
123 21.6179 -1 1759 
124 26.2497 -1 1759 
125 29.0455 -1 1759 
126 31.9022 -1 1759 
127 66.8167 -1 1759 
128 77.7861 -1 1759 
129 49.6075 -1 1759 
130 28.2782 -1 1759 
131 46.9955 -1 1759 
132 65.057 -1 1760 
133 52.8602 -1 1760 
134 78.9028 -1 1760 
135 52.2827 -1 1760 
136 75.698 -1 1760 
137 36.7467 -1 1760 
138 66.7272 -1 1760 
139 83.1379 -1 1760 
140 59.6775 -1 1760 
141 42.0447 -1 1760 
142 57.4383 -1 1760 
143 59.7576 -1 1760 
144 74.8017 -1 1761 
145 109.77 -1 1761 
146 92.4623 -1 1761 
147 77.2781 -1 1761 
148 136.217 -1 1761 
149 122.68 -1 1761 
150 113.567 -1 1761 
151 108.078 -1 1761 
152 123.514 -1 1761 
153 102.876 -1 1761 
154 103.864 -1 1761 
155 30.2804 -1 1761 
156 25.7254 -1 1762 
157 73.1007 -1 1762 
158 27.0078 -1 1762 
159 50.0486 -1 1762 
160 15.1249 -1 1762 
161 75.9387 -1 1762 
162 2.4921 -1 1762 
163 57.6874 -1 1762 
164 57.727 -1 1762 
165 57.6135 -1 1762 
166 70.3494 -1 1762 
167 67.8376 -1 1762 
168 31.7809 -1 1763 
169 -10.8177 -1 1763 
170 -8.65523 -1 1763 
171 -12.5284 -1 1763 
172 -14.5341 -1 1763 
173 -11.069 -1 1763 
174 17.7703 -1 1763 
175 -30.1128 -1 1763 
176 37.3852 -1 1763 
177 -0.732228 -1 1763 
178 21.7385 -1 1763 
179 20.7009 -1 1763 
180 16.0587 -1 1764 
181 14.2155 -1 1764 
182 -20.1253 -1 1764 
183 -31.6598 -1 1764 
184 -16.9845 -1 1764 
185 -42.5959 -1 1764 
186 -44.3904 -1 1764 
187 -46.1645 -1 1764 
188 -50.9146 -1 1764 
189 -52.9374 -1 1764 
190 -58.0295 -1 1764 
191 -60.1876 -1 1764 
192 -64.6085 -1 1765 
193 -62.889 -1 1765 
194 -66.026 -1 1765 
195 -72.5166 -1 1765 
196 -76.9579 -1 1765 
197 -78.7471 -1 1765 
198 -68.3817 -1 1765 
199 -65.159 -1 1765 
200 -89.1767 -1 1765 
201 -93.7324 -1 1765 
202 -94.8241 -1 1765 
203 -97.4496 -1 1765 
204 -100.107 -1 1766 
205 -102.695 -1 1766 
206 -60.812 -1 1766 
207 -112.556 -1 1766 
208 -78.5263 -1 1766 
209 -118.822 -1 1766 
210 -118.841 -1 1766 
211 -118.083 -1 1766 
212 -117.949 -1 1766 
213 -117.137 -1 1766 
214 -116.146 -1 1766 
215 -93.7779 -1 1766 
216 -80.1316 -1 1767 
217 -75.8076 -1 1767 
218 -54.0064 -1 1767 
219 -70.7284 -1 1767 
220 -75.5745 -1 1767 
221 -69.4456 -1 1767 
222 -88.0427 -1 1767 
223 -56.0673 -1 1767 
224 -52.3205 -1 1767 
225 -49.4041 -1 1767 
226 -31.0197 -1 1767 
227 -32.6692 -1 1767 
228 -31.4547 -1 1768 
229 -9.57821 -1 1768 
230 -41.6421 -1 1768 
231 -46.6489 -1 1768 
232 12.699 -1 1768 
233 13.2989 -1 1768 
234 -26.8521 -1 1768 
235 -2.05687 -1 1768 
236 12.5817 -1 1768 
237 18.8603 -1 1768 
238 41.476 -1 1768 
239 78.1253 -1 1768 
240 16.405 -1 1769 
241 1.61155 -1 1769 
242 3.24156 -1 1769 
243 58.6915 -1 1769 
244 21.6577 -1 1769 
245 57.7366 -1 1769 
246 99.6245 -1 1769 
247 103.918 -1 1769 
248 152.913 -1 1769 
249 170.106 -1 1769 
250 154.693 -1 1769 
251 96.0704 -1 1769 
252 84.135 -1 1770 
253 149.783 -1 1770 
254 47.2103 -1 1770 
255 0.113782 -1 1770 
256 33.2898 -1 1770 
257 56.6349 -1 1770 
258 102.146 -1 1770 
259 130.919 -1 1770 
260 95.6505 -1 1770 
261 95.5384 -1 1770 
262 144.279 -1 1770 
263 95.5695 -1 1770 
264 -13.8931 -1 1771 
265 4.08836 -1 1771 
266 5.81136 -1 1771 
267 37.0733 -1 1771 
268 184.172 -1 1771 
269 129.605 -1 1771 
270 43.8698 -1 1771 
271 29.1651 -1 1771 
272 101.189 -1 1771 
273 82.6393 -1 1771 
274 99.2149 -1 1771 
275 92.8144 -1 1771 
276 101.737 -1 1772 
277 84.9804 -1 1772 
278 -14.4551 -1 1772 
279 87.4296 -1 1772 
280 -3.06607 -1 1772 
281 28.4575 -1 1772 
282 62.0001 -1 1772 
283 26.5619 -1 1772 
284 16.6429 -1 1772 
285 62.9436 -1 1772 
286 33.5645 -1 1772 
287 37.4064 -1 1772 
288 20.97 -1 1773 
289 -22.5434 -1 1773 
290 13.5672 -1 1773 
291 -17.8966 -1 1773 
292 -5.23344 -1 1773 
293 -27.5414 -1 1773 
294 -29.8188 -1 1773 
295 -56.0634 -1 1773 
296 -29.7731 -1 1773 
297 -36.1455 -1 1773 
298 -13.1783 -1 1773 
299 -10.8687 -1 1773 
300 -6.41403 -1 1774 
301 22.9886 -1 1774 
302 5.14209 -1 1774 
303 -16.3504 -1 1774 
304 -5.58556 -1 1774 
305 -45.3602 -1 1774 
306 -65.4709 -1 1774 
307 -85.5142 -1 1774 
308 -85.1864 -1 1774 
309 -76.984 -1 1774 
310 -72.7032 -1 1774 
311 -83.8402 -1 1774 
312 -98.7914 -1 1775 
313 -108.053 -1 1775 
314 -90.7204 -1 1775 
315 -93.2905 -1 1775 
316 -107.459 -1 1775 
317 -95.4221 -1 1775 
318 -116.176 -1 1775 
319 -106.616 -1 1775 
320 -116.439 -1 1775 
321 -114.341 -1 1775 
322 -100.318 -1 1775 
323 -114.167 -1 1775 
324 -92.9823 -1 1776 
325 -111.662 -1 1776 
326 -122.201 -1 1776 
327 -98.0974 -1 1776 
328 -117.347 -1 1776 
329 -105.945 -1 1776 
330 -137.49 -1 1776 
331 -100.379 -1 1776 
332 -115.407 -1 1776 
333 -93.4721 -1 1776 
334 -86.4716 -1 1776 
335 -79.3026 -1 1776 
336 -72.1624 -1 1777 
337 -87.4487 -1 1777 
338 -84.2591 -1 1777 
339 9.00848 -1 1777 
340 -17.2439 -1 1777 
341 -17.3144 -1 1777 
342 5.7987 -1 1777 
343 33.5968 -1 1777 
344 40.0813 -1 1777 
345 23.4534 -1 1777 
346 88.9139 -1 1777 
347 107.564 -1 1777 
348 140.704 -1 1778 
349 27.334 -1 1778 
350 68.4549 -1 1778 
351 86.9665 -1 1778 
352 243.669 -1 1778 
353 131.761 -1 1778 
354 101.143 -1 1778 
355 79.9146 -1 1778 
356 133.374 -1 1778 
357 108.321 -1 1778 
358 99.0535 -1 1778 
359 24.3707 -1 1778 
360 41.4707 -1 1779 
361 127.452 -1 1779 
362 49.0125 -1 1779 
363 95.1501 -1 1779 
364 87.9625 -1 1779 
365 45.4474 -1 1779 
366 95.602 -1 1779 
367 45.4238 -1 1779 
368 45.2097 -1 1779 
369 68.4569 -1 1779 
370 53.362 -1 1779 
371 48.3219 -1 1779 
372 -16.5669 -1 1780 
373 31.7922 -1 1780 
374 33.5954 -1 1780 
375 30.439 -1 1780 
376 52.7192 -1 1780 
377 22.6322 -1 1780 
378 21.1739 -1 1780 
379 23.1402 -1 1780 
380 38.027 -1 1780 
381 12.1302 -1 1780 
382 -14.1545 -1 1780 
383 -14.3313 -1 1780 
384 54.3954 -1 1781 
385 16.4214 -1 1781 
386 -17.7577 -1 1781 
387 9.75373 -1 1781 
388 72.4515 -1 1781 
389 62.7312 -1 1781 
390 24.3885 -1 1781 
391 13.8193 -1 1781 
392 -9.28072 -1 1781 
393 -46.9157 -1 1781 
394 21.1101 -1 1781 
395 -30.1071 -1 1781 
396 2.92848 -1 1782 
397 -22.8869 -1 1782 
398 -22.0572 -1 1782 
399 -13.8859 -1 1782 
400 9.8232 -1 1782 
401 -15.9333 -1 1782 
402 -16.1588 -1 1782 
403 -3.25658 -1 1782 
404 -18.6297 -1 1782 
405 -35.4811 -1 1782 
406 -20.6137 -1 1782 
407 -22.1301 -1 1782 
408 -24.5329 -1 1783 
409 -5.9244 -1 1783 
410 -25.2068 -1 1783 
411 -21.882 -1 1783 
412 -30.2521 -1 1783 
413 -26.1185 -1 1783 
414 -14.0827 -1 1783 
415 -34.2462 -1 1783 
416 -37.4098 -1 1783 
417 -54.0747 -1 1783 
418 -42.4413 -1 1783 
419 -50.1103 -1 1783 
420 -46.1819 -1 1784 
421 -54.9563 -1 1784 
422 -50.4333 -1 1784 
423 -52.6126 -1 1784 
424 -59.9938 -1 1784 
425 -55.7761 -1 1784 
426 -61.6586 -1 1784 
427 -55.9403 -1 1784 
428 -57.0197 -1 1784 
429 -61.5954 -1 1784 
430 -47.8658 -1 1784 
431 -54.2288 -1 1784 
432 -68.1826 -1 1785 
433 -67.2247 -1 1785 
434 -67.1527 -1 1785 
435 -57.6641 -1 1785 
436 -51.156 -1 1785 
437 -43.7255 -1 1785 
438 -28.9694 -1 1785 
439 -58.1845 -1 1785 
440 -40.2674 -1 1785 
441 -17.0145 -1 1785 
442 -30.9221 -1 1785 
443 -54.6863 -1 1785 
444 -40.5031 -1 1786 
445 -25.5686 -1 1786 
446 -27.7784 -1 1786 
447 32.5717 -1 1786 
448 41.5861 -1 1786 
449 -16.4307 -1 1786 
450 21.0259 -1 1786 
451 29.6604 -1 1786 
452 63.3776 -1 1786 
453 62.1823 -1 1786 
454 65.6792 -1 1786 
455 57.5731 -1 1786 
456 91.6689 -1 1787 
457 41.2715 -1 1787 
458 7.68584 -1 1787 
459 71.4167 -1 1787 
460 81.569 -1 1787 
461 19.6476 -1 1787 
462 65.1574 -1 1787 
463 78.1031 -1 1787 
464 109.19 -1 1787 
465 106.321 -1 1787 
466 78.1033 -1 1787 
467 130.04 -1 1787 
468 67.8355 -1 1788 
469 50.9947 -1 1788 
470 72.4218 -1 1788 
471 12.4209 -1 1788 
472 17.9963 -1 1788 
473 84.8518 -1 1788 
474 61.8913 -1 1788 
475 51.1187 -1 1788 
476 57.8373 -1 1788 
477 58.0508 -1 1788 
478 -22.2376 -1 1788 
479 34.4752 -1 1788 
480 7.49221 -1 1789 
481 25.2162 -1 1789 
482 15.4499 -1 1789 
483 20.0956 -1 1789 
484 19.6557 -1 1789 
485 13.2323 -1 1789 
486 7.7271 -1 1789 
487 -15.9581 -1 1789 
488 -1.22173 -1 1789 
489 -38.5626 -1 1789 
490 35.2204 -1 1789 
491 37.8281 -1 1789 
492 -16.0388 -1 1790 
493 25.1202 -1 1790 
494 -26.3946 -1 1790 
495 -29.5833 -1 1790 
496 -30.5459 -1 1790 
497 -32.9829 -1 1790 
498 -68.1949 -1 1790 
499 -37.5826 -1 1790 
500 -52.5471 -1 1790 
501 -39.4895 -1 1790 
502 -41.8113 -1 1790 
503 -53.6141 -1 1790 
504 -53.9997 -1 1791 
505 -70.0701 -1 1791 
506 -48.1275 -1 1791 
507 -40.6742 -1 1791 
508 -44.4129 -1 1791 
509 -57.9463 -1 1791 
510 -44.2774 -1 1791 
511 -88.4091 -1 1791 
512 -46.7447 -1 1791 
513 -52.0878 -1 1791 
514 -40.4417 -1 1791 
515 -39.3103 -1 1791 
516 -49.6973 -1 1792 
517 -36.7068 -1 1792 
518 -35.3428 -1 1792 
519 -11.0096 -1 1792 
520 -30.7115 -1 1792 
521 -29.0529 -1 1792 
522 -51.1383 -1 1792 
523 -24.0724 -1 1792 
524 -22.3599 -1 1792 
525 -18.9054 -1 1792 
526 -18.7139 -1 1792 
527 -16.8902 -1 1792 
528 -13.3392 -1 1793 
529 -11.3659 -1 1793 
530 -6.97532 -1 1793 
531 -7.57238 -1 1793 
532 -5.06214 -1 1793 
533 -3.64962 -1 1793 
534 -1.73982 -1 1793 
535 -32.6378 -1 1793 
536 -37.8484 -1 1793 
537 4.02333 -1 1793 
538 2.57251 -1 1793 
539 8.99429 -1 1793 
540 11.2839 -1 1794 
541 13.0366 -1 1794 
542 6.44765 -1 1794 
543 -6.18741 -1 1794 
544 42.6269 -1 1794 
545 22.2862 -1 1794 
546 24.5861 -1 1794 
547 26.1226 -1 1794 
548 -19.0085 -1 1794 
549 12.9889 -1 1794 
550 80.7111 -1 1794 
551 56.9543 -1 1794 
552 9.71498 -1 1795 
553 43.1898 -1 1795 
554 0.275604 -1 1795 
555 12.7692 -1 1795 
556 35.8678 -1 1795 
557 14.9686 -1 1795 
558 10.1691 -1 1795 
559 33.5669 -1 1795 
560 15.2597 -1 1795 
561 27.1456 -1 1795 
562 38.1227 -1 1795 
563 28.0893 -1 1795 
564 36.3441 -1 1796 
565 40.7857 -1 1796 
566 28.613 -1 1796 
567 56.4252 -1 1796 
568 39.7217 -1 1796 
569 16.9018 -1 1796 
570 51.3654 -1 1796 
571 9.81226 -1 1796 
572 38.6425 -1 1796 
573 26.7565 -1 1796 
574 22.8547 -1 1796 
575 17.6377 -1 1796 
576 33.3065 -1 1797 
577 16.362 -1 1797 
578 16.0055 -1 1797 
579 15.8385 -1 1797 
580 21.0625 -1 1797 
581 26.9792 -1 1797 
582 15.1906 -1 1797 
583 17.3989 -1 1797 
584 16.2062 -1 1797 
585 17.4151 -1 1797 
586 14.728 -1 1797 
587 9.04765 -1 1797 
588 6.27699 -1 1798 
589 8.51898 -1 1798 
590 21.2767 -1 1798 
591 1.05353 -1 1798 
592 -2.1473 -1 1798 
593 -3.62225 -1 1798 
594 -5.16776 -1 1798 
595 -1.78013 -1 1798 
596 -4.4556 -1 1798 
597 -7.69032 -1 1798 
598 8.81964 -1 1798 
599 2.67829 -1 1798 
600 -13.0103 -1 1799 
601 3.35794 -1 1799 
602 16.5872 -1 1799 
603 -7.61831 -1 1799 
604 -9.95438 -1 1799 
605 -8.01675 -1 1799 
606 -24.3011 -1 1799 
607 -29.9033 -1 1799 
608 -32.0189 -1 1799 
609 -26.4437 -1 1799 
610 -31.7735 -1 1799 
611 -24.104 -1 1799 
612 -29.0309 -1 1800 
613 -27.1502 -1 1800 
614 -21.5577 -1 1800 
615 -46.8493 -1 1800 
616 -40.6211 -1 1800 
617 -11.469 -1 1800 
618 -17.9891 -1 1800 
619 -22.4778 -1 1800 
620 -37.7312 -1 1800 
621 -38.3457 -1 1800 
622 -43.2178 -1 1800 
623 4.25585 -1 1800 
624 -19.3213 -1 1801 
625 -17.7461 -1 1801 
626 -17.7154 -1 1801 
627 -17.6263 -1 1801 
628 -17.5759 -1 1801 
629 -20.3616 -1 1801 
630 -15.4807 -1 1801 
631 -10.6309 -1 1801 
632 -20.6098 -1 1801 
633 -23.3152 -1 1801 
634 -12.4453 -1 1801 
635 0.501835 -1 1801 
636 -1.07209 -1 1802 
637 -3.36557 -1 1802 
638 -14.4772 -1 1802 
639 -13.2058 -1 1802 
640 -10.5504 -1 1802 
641 -7.70999 -1 1802 
642 -4.8839 -1 1802 
643 -1.97156 -1 1802 
644 0.727408 -1 1802 
645 -21.5868 -1 1802 
646 -28.414 -1 1802 
647 -2.65435 -1 1802 
648 -2.60814 -1 1803 
649 -1.07574 -1 1803 
650 -36.3577 -1 1803 
651 -43.5548 -1 1803 
652 -11.0679 -1 1803 
653 -24.398 -1 1803 
654 -3.34635 -1 1803 
655 -26.4142 -1 1803 
656 -7.00298 -1 1803 
657 8.78564 -1 1803 
658 4.14995 -1 1803 
659 0.0880798 -1 1803 
660 -3.40196 -1 1804 
661 2.67773 -1 1804 
662 3.32491 -1 1804 
663 8.83724 -1 1804 
664 -18.4877 -1 1804 
665 -14.8525 -1 1804 
666 -21.7598 -1 1804 
667 1.78767 -1 1804 
668 19.7871 -1 1804 
669 36.8356 -1 1804 
670 36.3302 -1 1804 
671 36.2678 -1 1804 
672 39.6453 -1 1805 
673 13.1596 -1 1805 
674 27.1074 -1 1805 
675 5.68557 -1 1805 
676 9.99073 -1 1805 
677 14.3196 -1 1805 
678 11.3688 -1 1805 
679 21.735 -1 1805 
680 26.4147 -1 1805 
681 3.30474 -1 1805 
682 24.5016 -1 1805 
683 21.9019 -1 1805 
684 25.0024 -1 1806 
685 11.1996 -1 1806 
686 18.2902 -1 1806 
687 11.8711 -1 1806 
688 11.5389 -1 1806 
689 12.0904 -1 1806 
690 21.2225 -1 1806 
691 16.8321 -1 1806 
692 14.8162 -1 1806 
693 21.5717 -1 1806 
694 19.9958 -1 1806 
695 19.9857 -1 1806 
696 1.63857 -1 1807 
697 3.55181 -1 1807 
698 0.822836 -1 1807 
699 26.0492 -1 1807 
700 4.52844 -1 1807 
701 9.25837 -1 1807 
702 11.8368 -1 1807 
703 11.9616 -1 1807 
704 2.73095 -1 1807 
705 7.74291 -1 1807 
706 -0.104209 -1 1807 
707 -3.312 -1 1807 
708 -2.28193 -1 1808 
709 6.18464 -1 1808 
710 -0.413513 -1 1808 
711 20.9225 -1 1808 
712 23.6918 -1 1808 
713 24.3934 -1 1808 
714 13.7267 -1 1808 
715 16.3911 -1 1808 
716 23.0862 -1 1808 
717 11.8116 -1 1808 
718 21.8672 -1 1808 
719 25.1529 -1 1808 
720 16.8688 -1 1809 
721 20.3151 -1 1809 
722 6.59217 -1 1809 
723 9.30046 -1 1809 
724 8.34055 -1 1809 
725 17.7132 -1 1809 
726 5.21913 -1 1809 
727 4.75941 -1 1809 
728 4.83507 -1 1809 
729 3.74729 -1 1809 
730 3.29738 -1 1809 
731 2.78672 -1 1809 
732 2.21682 -1 1810 
733 1.5893 -1 1810 
734 0.90585 -1 1810 
735 0.168267 -1 1810 
736 -0.621564 -1 1810 
737 -1.46167 -1 1810 
738 -2.35001 -1 1810 
739 -3.28445 -1 1810 
740 -4.2628 -1 1810 
741 -5.28279 -1 1810 
742 -6.34209 -1 1810 
743 -7.43832 -1 1810 
744 -8.56904 -1 1811 
745 -9.73177 -1 1811 
746 -10.924 -1 1811 
747 -12.1431 -1 1811 
748 -13.3866 -1 1811 
749 -14.6518 -1 1811 
750 -4.93597 -1 1811 
751 -17.2366 -1 1811 
752 -14.5509 -1 1811 
753 -9.67632 -1 1811 
754 -19.9101 -1 1811 
755 -20.7495 -1 1811 
756 -5.09199 -1 1812 
757 -22.0348 -1 1812 
758 -25.3754 -1 1812 
759 -27.9112 -1 1812 
760 -27.5395 -1 1812 
761 -28.3578 -1 1812 
762 -31.0637 -1 1812 
763 -7.15459 -1 1812 
764 -25.7281 -1 1812 
765 -29.182 -1 1812 
766 -23.7138 -1 1812 
767 -21.3214 -1 1812 
768 -39.3026 -1 1813 
769 -23.2552 -1 1813 
770 -38.3773 -1 1813 
771 -14.9668 -1 1813 
772 -34.5219 -1 1813 
773 -26.0409 -1 1813 
774 -15.2219 -1 1813 
775 -32.6634 -1 1813 
776 -22.0638 -1 1813 
777 -2.12179 -1 1813 
778 -21.4359 -1 1813 
779 -26.2049 -1 1813 
780 -13.7277 -1 1814 
781 -31.4033 -1 1814 
782 -42.5307 -1 1814 
783 -12.909 -1 1814 
784 -43.4376 -1 1814 
785 -28.8158 -1 1814 
786 -23.2431 -1 1814 
787 -50.6191 -1 1814 
788 -41.2435 -1 1814 
789 -22.8161 -1 1814 
790 -31.0368 -1 1814 
791 -21.9057 -1 1814 
792 -23.5228 -1 1815 
793 -1.88844 -1 1815 
794 -11.9029 -1 1815 
795 -2.86664 -1 1815 
796 -39.1802 -1 1815 
797 37.8558 -1 1815 
798 4.04059 -1 1815 
799 23.7734 -1 1815 
800 -2.1468 -1 1815 
801 1.47905 -1 1815 
802 8.04983 -1 1815 
803 54.7643 -1 1815 
804 -9.27869 -1 1816 
805 62.1194 -1 1816 
806 70.7571 -1 1816 
807 46.533 -1 1816 
808 22.9455 -1 1816 
809 22.4929 -1 1816 
810 15.1735 -1 1816 
811 -10.1143 -1 1816 
812 31.6274 -1 1816 
813 46.697 -1 1816 
814 16.9924 -1 1816 
815 4.11168 -1 1816 
816 15.8529 -1 1817 
817 52.5139 -1 1817 
818 117.193 -1 1817 
819 1.78737 -1 1817 
820 -6.00448 -1 1817 
821 26.3151 -1 1817 
822 43.8441 -1 1817 
823 36.4802 -1 1817 
824 23.6213 -1 1817 
825 6.0653 -1 1817 
826 12.51 -1 1817 
827 12.5533 -1 1817 
828 24.293 9.7 1818 
829 4.52707 7.8 1818 
830 10.4534 8.3 1818 
831 26.4699 9.6 1818 
832 58.3746 11.9 1818 
833 31.5655 9.9 1818 
834 18.4405 8.7 1818 
835 25.0979 9.2 1818 
836 16.7358 8.3 1818 
837 26.9522 9.2 1818 
838 -6.75448 5.5 1818 
839 18.714 8.4 1818 
840 31.1559 9.4 1819 
841 11.7698 7.5 1819 
842 -15.8459 3.6 1819 
843 12.2073 7.4 1819 
844 11.7281 7.3 1819 
845 38.0152 9.7 1819 
846 32.7673 9.2 1819 
847 24.2832 8.4 1819 
848 6.06201 6.4 1819 
849 27.6026 8.6 1819 
850 23.9041 8.3 1819 
851 33.3658 9.1 1819 
852 14.7867 7.3 1820 
853 27.4664 8.4 1820 
854 -9.19569 3.9 1820 
855 15.7999 7.3 1820 
856 32.5528 8.8 1820 
857 1.66269 5.6 1820 
858 17.9294 7.4 1820 
859 26.9529 8.3 1820 
860 -7.56687 4 1820 
861 -1.32989 5.2 1820 
862 -3.13595 4.8 1820 
863 -1.38481 5.2 1820 
864 19.3239 7.6 1821 
865 -9.90949 3.8 1821 
866 -7.68438 4.2 1821 
867 -2.3002 5.2 1821 
868 -15.0563 2.8 1821 
869 -15.2519 2.9 1821 
870 -14.3861 3.2 1821 
871 -11.1581 3.9 1821 
872 -12.3669 3.9 1821 
873 11.1885 7.2 1821 
874 -13.4906 3.9 1821 
875 -21.0032 2.1 1821 
876 -22.048 2 1822 
877 -21.2236 2.5 1822 
878 3.47123 6.6 1822 
879 -2.46201 6 1822 
880 -22.5219 2.8 1822 
881 -16.4069 4.2 1822 
882 -13.3154 4.9 1822 
883 -23.9459 3 1822 
884 -28.1968 2 1822 
885 -28.4663 2.2 1822 
886 -29.9528 2 1822 
887 -30.8547 2 1822 
888 -31.77 2 1823 
889 -32.6972 2 1823 
890 -32.6344 2.3 1823 
891 -34.5798 2 1823 
892 -35.5318 2 1823 
893 -36.4885 2 1823 
894 -36.6482 2.2 1823 
895 -38.4091 2 1823 
896 -39.3695 2 1823 
897 -40.3276 2 1823 
898 -41.2818 2 1823 
899 -8.23034 7.4 1823 
900 -7.17156 7.6 1824 
901 -26.1039 4.8 1824 
902 -45.0257 2 1824 
903 -13.6354 7.2 1824 
904 -42.2316 3.3 1824 
905 -47.7127 2 1824 
906 -48.5775 2 1824 
907 -47.1244 2.7 1824 
908 -15.9523 7.5 1824 
909 -9.05982 8.2 1824 
910 -51.8459 2 1824 
911 -51.2093 2.4 1824 
912 -44.949 4.1 1825 
913 -28.1641 6.6 1825 
914 -17.3536 7.8 1825 
915 -49.2167 3.6 1825 
916 -30.2527 6.4 1825 
917 -31.0608 6.5 1825 
918 -5.74051 9.1 1825 
919 -14.9912 8.3 1825 
920 -32.1126 6.6 1825 
921 -32.8041 6.6 1825 
922 -39.6656 5.7 1825 
923 -22.9969 7.7 1825 
924 -30.6979 6.9 1826 
925 -30.2685 7 1826 
926 0.491209 9.9 1826 
927 -21.119 8.1 1826 
928 -7.4992 9.3 1826 
929 0.0501369 10 1826 
930 25.6287 11.9 1826 
931 3.93591 10.4 1826 
932 -30.6287 7.2 1826 
933 22.0342 11.6 1826 
934 3.3238 10.3 1826 
935 51.0394 13.5 1826 
936 -4.91991 9.7 1827 
937 16.3449 11.3 1827 
938 33.6328 12.4 1827 
939 14.0428 11.1 1827 
940 31.1736 12.3 1827 
941 31.824 12.3 1827 
942 7.89269 10.6 1827 
943 26.9784 12 1827 
944 20.2797 11.5 1827 
945 31.2951 12.2 1827 
946 18.3232 11.4 1827 
947 14.8623 11.1 1827 
948 26.2109 11.9 1828 
949 45.6673 13.1 1828 
950 47.0299 13.2 1828 
951 40.5969 12.8 1828 
952 87.4667 15.5 1828 
953 102.438 16.2 1828 
954 29.6076 12 1828 
955 66.675 14.3 1828 
956 23.4381 11.6 1828 
957 30.7951 12.1 1828 
958 34.8441 12.3 1828 
959 18.0833 11.2 1828 
960 11.7109 10.7 1829 
961 22.5252 11.5 1829 
962 60.9244 13.9 1829 
963 98.8067 15.9 1829 
964 52.7705 13.4 1829 
965 63.7139 14.1 1829 
966 92.0353 15.6 1829 
967 69.8331 14.4 1829 
968 28.5057 11.9 1829 
969 35.7516 12.4 1829 
970 53.0692 13.4 1829 
971 34.3572 12.3 1829 
972 27.114 11.8 1830 
973 60.0384 13.9 1830 
974 80.7291 15.1 1830 
975 116.785 16.9 1830 
976 49.7047 13.3 1830 
977 47.2873 13.2 1830 
978 11.7319 10.8 1830 
979 22.7375 11.7 1830 
980 41.1033 12.9 1830 
981 77.8285 15 1830 
982 72.1126 14.7 1830 
983 72.9548 14.8 1830 
984 14.5549 11.3 1831 
985 18.5123 11.6 1831 
986 90.0268 15.8 1831 
987 24.3982 12.1 1831 
988 -3.87351 10.1 1831 
989 -12.4884 9.4 1831 
990 6.45363 11 1831 
991 21.7528 12.1 1831 
992 -7.59051 10.1 1831 
993 5.32404 11.1 1831 
994 -0.30301 10.8 1831 
995 -25.571 8.8 1831 
996 -23.4794 9.1 1832 
997 16.4729 12.2 1832 
998 14.5866 12.1 1832 
999 -33.7372 8.5 1832 
1000 -10.8974 10.5 1832 
1001 -36.5929 8.4 1832 
1002 -59.1222 6.2 1832 
1003 -68.9839 5.1 1832 
1004 -71.4768 4.9 1832 
1005 -51.399 7.5 1832 
1006 -64.249 6.2 1832 
1007 -43.725 8.6 1832 
1008 -72.3253 5.7 1833 
1009 -67.6478 6.5 1833 
1010 -74.4907 5.8 1833 
1011 -91.0518 3.3 1833 
1012 -75.7291 6 1833 
1013 -97.1204 2.5 1833 
1014 -88.8235 4.6 1833 
1015 -92.536 4.2 1833 
1016 -84.3556 5.8 1833 
1017 -92.78 4.7 1833 
1018 -97.1067 4.2 1833 
1019 -91.9332 5.3 1833 
1020 -101.957 4 1834 
1021 -81.6757 7 1834 
1022 -106.887 3.7 1834 
1023 -112.587 2.7 1834 
1024 -101.775 5 1834 
1025 -105.047 4.8 1834 
1026 -105.301 5 1834 
1027 -114.635 3.7 1834 
1028 -103.545 5.6 1834 
1029 -82.929 8.2 1834 
1030 -74.7848 9.1 1834 
1031 -69.6097 9.6 1834 
1032 -116.101 4.7 1835 
1033 -89.1568 8.1 1835 
1034 -98.474 7.3 1835 
1035 -30.0505 12.8 1835 
1036 -61.0839 10.8 1835 
1037 -79.6719 9.4 1835 
1038 -36.4123 12.7 1835 
1039 -38.603 12.6 1835 
1040 29.8581 16.4 1835 
1041 19.4732 16 1835 
1042 26.644 16.4 1835 
1043 -11.6275 14.4 1835 
1044 5.86048 15.4 1836 
1045 36.9096 17 1836 
1046 20.5214 16.2 1836 
1047 94.1974 19.6 1836 
1048 41.3389 17.3 1836 
1049 63.0474 18.3 1836 
1050 49.3239 17.7 1836 
1051 33.9695 17 1836 
1052 12.5851 16 1836 
1053 82.7716 19.2 1836 
1054 55.2297 18 1836 
1055 197.46 23.5 1836 
1056 167.063 22.4 1837 
1057 146.339 21.7 1837 
1058 78.1875 19 1837 
1059 84.4096 19.2 1837 
1060 40.5049 17.3 1837 
1061 118.173 20.6 1837 
1062 126.414 20.9 1837 
1063 79.2271 18.9 1837 
1064 16.7118 16.1 1837 
1065 63.1674 18.2 1837 
1066 36.093 16.9 1837 
1067 74.5876 18.6 1837 
1068 100.85 19.7 1838 
1069 1.57952 15.1 1838 
1070 95.7741 19.4 1838 
1071 73.4326 18.4 1838 
1072 92.8532 19.2 1838 
1073 22.2344 15.9 1838 
1074 46.2741 17 1838 
1075 -1.52948 14.5 1838 
1076 -8.77854 14 1838 
1077 21.4248 15.6 1838 
1078 0.578128 14.4 1838 
1079 5.77913 14.6 1838 
1080 50.3253 16.8 1839 
1081 46.814 16.6 1839 
1082 7.14251 14.4 1839 
1083 -17.7919 12.9 1839 
1084 -29.3921 12 1839 
1085 -26.0609 12.1 1839 
1086 25.7985 15.1 1839 
1087 105.083 18.7 1839 
1088 109.19 18.8 1839 
1089 41.4153 15.6 1839 
1090 6.45657 13.6 1839 
1091 -0.18981 13.1 1839 
1092 30.8729 14.7 1840 
1093 43.4413 15.3 1840 
1094 12.1121 13.5 1840 
1095 10.8818 13.3 1840 
1096 18.3471 13.6 1840 
1097 -14.2955 11.4 1840 
1098 7.65064 12.7 1840 
1099 4.88214 12.4 1840 
1100 33.5956 14.1 1840 
1101 3.78761 12.1 1840 
1102 4.25487 12 1840 
1103 5.09404 12 1840 
1104 -42.5981 8.1 1841 
1105 -31.1249 8.9 1841 
1106 -29.7894 8.9 1841 
1107 -10.8948 10.4 1841 
1108 36.1558 13.5 1841 
1109 18.0595 12.2 1841 
1110 -21.8866 9.1 1841 
1111 -6.48532 10.3 1841 
1112 -9.6395 9.9 1841 
1113 -21.8517 8.7 1841 
1114 -35.1246 7.3 1841 
1115 -2.06048 10.2 1841 
1116 -31.7618 7.5 1842 
1117 -27.9307 7.8 1842 
1118 -27.5694 7.7 1842 
1119 -17.9797 8.5 1842 
1120 -20.6637 8.2 1842 
1121 -27.123 7.4 1842 
1122 -39.6591 6 1842 
1123 -15.6737 8.5 1842 
1124 -28.9679 7.1 1842 
1125 4.35706 10.1 1842 
1126 8.70014 10.4 1842 
1127 -29.2395 6.9 1842 
1128 -36.1627 6.1 1843 
1129 -52.3699 3.5 1843 
1130 -44.3615 5 1843 
1131 -42.5378 5.2 1843 
1132 -23.3989 7.6 1843 
1133 -41.1448 5.4 1843 
1134 -43.1752 5.2 1843 
1135 -39.8897 5.8 1843 
1136 -53.0879 3.7 1843 
1137 -51.6689 4.1 1843 
1138 -29.532 7.2 1843 
1139 -40.7762 6 1843 
1140 -47.1002 5.2 1844 
1141 -39.2027 6.4 1844 
1142 -42.1824 6.1 1844 
1143 -31.1375 7.5 1844 
1144 -47.6663 5.7 1844 
1145 -61.8668 3.6 1844 
1146 -34.1371 7.6 1844 
1147 -30.9748 8.1 1844 
1148 -60.4778 4.7 1844 
1149 -37.6435 7.7 1844 
1150 -57.1694 5.6 1844 
1151 -40.6527 7.6 1844 
1152 -35.4907 8.3 1845 
1153 -7.18034 10.8 1845 
1154 -9.61866 10.8 1845 
1155 11.4975 12.3 1845 
1156 -5.62864 11.3 1845 
1157 -35.3937 9.2 1845 
1158 -38.0944 9.1 1845 
1159 -37.1272 9.3 1845 
1160 -43.6884 9 1845 
1161 -27.1746 10.4 1845 
1162 -31.282 10.3 1845 
1163 0.493018 12.6 1845 
1164 -36.4457 10.2 1846 
1165 -18.1943 11.7 1846 
1166 1.35099 13.1 1846 
1167 8.29401 13.6 1846 
1168 -9.36135 12.7 1846 
1169 -2.91121 13.2 1846 
1170 -35.8517 11.1 1846 
1171 -24.0789 12.1 1846 
1172 61.2109 16.9 1846 
1173 -25.9783 12.2 1846 
1174 -20.7427 12.7 1846 
1175 -14.1787 13.2 1846 
1176 -20.7824 12.9 1847 
1177 -52.1502 10.9 1847 
1178 14.1214 15.1 1847 
1179 -56.0638 10.9 1847 
1180 -6.70252 14.2 1847 
1181 8.10869 15.1 1847 
1182 -48.6269 11.8 1847 
1183 96.9941 19.4 1847 
1184 129.375 20.7 1847 
1185 160.318 22 1847 
1186 89.8262 19.3 1847 
1187 39.603 17.1 1847 
1188 120.951 20.6 1848 
1189 40.972 17.3 1848 
1190 34.6692 17.1 1848 
1191 31.0444 16.9 1848 
1192 21.9999 16.5 1848 
1193 65.5377 18.6 1848 
1194 81.8595 19.3 1848 
1195 70.067 18.8 1848 
1196 15.8617 16.4 1848 
1197 68.6451 18.8 1848 
1198 38.6182 17.5 1848 
1199 113.082 20.7 1848 
1200 145.338 21.4 1849 
1201 97.1854 19.5 1849 
1202 29.5261 16.6 1849 
1203 41.5599 17.1 1849 
1204 0.186961 15.1 1849 
1205 1.40733 15.2 1849 
1206 -4.27921 14.9 1849 
1207 -23.473 13.8 1849 
1208 26.4253 16.3 1849 
1209 -15.2849 14.2 1849 
1210 37.8954 16.8 1849 
1211 34.7652 16.6 1849 
1212 -0.476728 14.9 1850 
1213 22.0682 15.9 1850 
1214 10.0983 15.3 1850 
1215 -61.788 11.1 1850 
1216 -27.3926 13.1 1850 
1217 -10.1177 14.1 1850 
1218 -67.4654 10.5 1850 
1219 -23.338 13.1 1850 
1220 24.8619 15.6 1850 
1221 -2.36824 14.1 1850 
1222 -31.5313 12.4 1850 
1223 -18.0301 13.1 1850 
1224 11.3324 14.7 1851 
1225 69.7529 17.3 1851 
1226 -5.67174 13.5 1851 
1227 -19.2449 12.6 1851 
1228 -5.67006 13.3 1851 
1229 -2.55076 13.3 1851 
1230 -51.8906 10 1851 
1231 -9.39338 12.7 1851 
1232 12.6372 13.8 1851 
1233 4.59723 13.3 1851 
1234 -15.1172 11.9 1851 
1235 25.79 14.2 1851 
1236 22.4148 13.9 1852 
1237 20.9531 13.7 1852 
1238 13.2009 13.1 1852 
1239 23.5542 13.6 1852 
1240 5.80873 12.4 1852 
1241 -7.2395 11.4 1852 
1242 -13.9946 10.8 1852 
1243 -16.4607 10.5 1852 
1244 -18.3417 10.2 1852 
1245 40.5582 13.8 1852 
1246 17.935 12.3 1852 
1247 3.08491 11.3 1852 
1248 -2.99606 10.7 1853 
1249 2.68826 10.9 1853 
1250 -5.16589 10.2 1853 
1251 15.6378 11.5 1853 
1252 -6.90426 9.8 1853 
1253 5.10438 10.6 1853 
1254 18.1603 11.3 1853 
1255 28.5602 11.9 1853 
1256 -1.7991 9.7 1853 
1257 16.6792 10.9 1853 
1258 -7.50772 8.9 1853 
1259 -16.1628 8 1853 
1260 -29.8888 6.5 1854 
1261 -19.7882 7.4 1854 
1262 -17.0634 7.6 1854 
1263 -4.91673 8.6 1854 
1264 -8.45034 8.2 1854 
1265 -12.8662 7.6 1854 
1266 -16.466 7.2 1854 
1267 -20.9515 6.6 1854 
1268 -7.62413 7.9 1854 
1269 -25.3852 5.9 1854 
1270 4.66419 8.8 1854 
1271 -7.17693 7.7 1854 
1272 -24.4093 5.8 1855 
1273 -25.8336 5.6 1855 
1274 -14.1501 6.9 1855 
1275 -38.5592 3.5 1855 
1276 -29.5608 5 1855 
1277 -36.8548 3.8 1855 
1278 -46.241 1 1855 
1279 -41.2188 2.9 1855 
1280 -47.3875 0 1855 
1281 -29.4462 5.1 1855 
1282 -40.2941 3.4 1855 
1283 -42.9297 2.9 1855 
1284 -48.3519 1.2 1856 
1285 -40.759 3.7 1856 
1286 -50.1492 1 1856 
1287 -39.3209 4.2 1856 
1288 -52.6718 0 1856 
1289 -43.8998 3.8 1856 
1290 -46.0026 3.6 1856 
1291 -44.6777 4 1856 
1292 -48.8225 3.5 1856 
1293 -50.0342 3.5 1856 
1294 -45.2098 4.6 1856 
1295 -47.6466 4.4 1856 
1296 -36.8412 6.1 1857 
1297 -50.1904 4.5 1857 
1298 -55.991 3.8 1857 
1299 -46.5394 5.5 1857 
1300 -15.1321 8.9 1857 
1301 -40.5656 6.6 1857 
1302 -30.6362 7.8 1857 
1303 -42.64 6.8 1857 
1304 4.12669 10.9 1857 
1305 -1.23223 10.6 1857 
1306 -20.6129 9.3 1857 
1307 -11.4112 10.2 1857 
1308 -9.8234 10.4 1858 
1309 -19.6454 9.9 1858 
1310 21.3269 12.7 1858 
1311 -17.0026 10.3 1858 
1312 -13.1299 10.7 1858 
1313 -9.15102 11.1 1858 
1314 12.1381 12.6 1858 
1315 7.44128 12.5 1858 
1316 52.8625 15.1 1858 
1317 72.0056 16.1 1858 
1318 -4.42566 12.1 1858 
1319 22.1725 13.7 1858 
1320 52.4037 15.4 1859 
1321 58.0716 15.8 1859 
1322 61.4797 16 1859 
1323 51.2314 15.6 1859 
1324 59.5299 16.1 1859 
1325 50.3786 15.7 1859 
1326 64.3804 16.5 1859 
1327 85.2385 17.5 1859 
1328 81.7556 17.4 1859 
1329 97.3344 18.1 1859 
1330 62.8776 16.6 1859 
1331 30.9875 15.1 1859 
1332 32.5665 15.3 1860 
1333 42.8168 15.9 1860 
1334 61.9402 16.8 1860 
1335 8.73867 14.2 1860 
1336 75.7138 17.5 1860 
1337 77.7672 17.7 1860 
1338 92.7 18.3 1860 
1339 60.7135 16.9 1860 
1340 44.9086 16.2 1860 
1341 40.3862 16 1860 
1342 54.9467 16.7 1860 
1343 50.3908 16.5 1860 
1344 -12.9815 13.2 1861 
1345 15.93 14.8 1861 
1346 60.4252 17 1861 
1347 55.6038 16.8 1861 
1348 -23.5347 12.6 1861 
1349 36.409 15.8 1861 
1350 17.4341 14.8 1861 
1351 26.3396 15.3 1861 
1352 22.0243 15 1861 
1353 -1.61321 13.8 1861 
1354 -26.6744 12.3 1861 
1355 24.839 15.1 1861 
1356 -7.27488 13.3 1862 
1357 -3.91805 13.5 1862 
1358 -42.6927 11 1862 
1359 -22.3011 12.2 1862 
1360 -0.945811 13.4 1862 
1361 37.4706 15.4 1862 
1362 18.4454 14.4 1862 
1363 -1.12431 13.2 1862 
1364 7.85848 13.7 1862 
1365 -37.4093 10.8 1862 
1366 -19.831 11.9 1862 
1367 -36.8098 10.7 1862 
1368 -21.1492 11.6 1863 
1369 -3.7527 12.6 1863 
1370 16.0761 13.6 1863 
1371 -31.2664 10.6 1863 
1372 -4.68392 12.2 1863 
1373 -27.5803 10.7 1863 
1374 -41.5594 9.5 1863 
1375 -10.625 11.6 1863 
1376 -58.5811 7.8 1863 
1377 -22.9316 10.5 1863 
1378 -25.3803 10.2 1863 
1379 -17.2314 10.7 1863 
1380 16.0114 12.7 1864 
1381 -2.55602 11.5 1864 
1382 35.4625 13.6 1864 
1383 -20.7369 10 1864 
1384 -10.1581 10.6 1864 
1385 24.195 12.8 1864 
1386 19.6188 12.4 1864 
1387 21.4095 12.5 1864 
1388 -27.0365 8.9 1864 
1389 -15.4227 9.7 1864 
1390 30.8474 12.7 1864 
1391 -22.8296 8.9 1864 
1392 16.6431 11.7 1865 
1393 -0.037775 10.5 1865 
1394 1.52484 10.5 1865 
1395 -16.472 9 1865 
1396 -5.73118 9.8 1865 
1397 -6.55526 9.7 1865 
1398 -18.6468 8.6 1865 
1399 3.1918 10.3 1865 
1400 -26.8417 7.7 1865 
1401 -34.6493 6.9 1865 
1402 -19.8329 8.2 1865 
1403 -41.6944 5.9 1865 
1404 -5.53515 9.4 1866 
1405 7.74328 10.4 1866 
1406 -18.2603 8.2 1866 
1407 -31.1468 7 1866 
1408 -39.9173 6 1866 
1409 -33.0723 6.7 1866 
1410 -46.9123 5 1866 
1411 -40.4377 5.9 1866 
1412 -50.9485 4.5 1866 
1413 -38.3447 6.2 1866 
1414 -48.3259 5 1866 
1415 -63.0918 2 1866 
1416 -66.5416 0 1867 
1417 -65.7745 1.4 1867 
1418 -50.4896 5 1867 
1419 -58.9855 3.7 1867 
1420 -64.0608 2.8 1867 
1421 -67.714 2 1867 
1422 -62.0434 3.7 1867 
1423 -63.5469 3.6 1867 
1424 -55.1225 5.2 1867 
1425 -49.5678 6.1 1867 
1426 -58.2805 5.1 1867 
1427 -29.8579 8.4 1867 
1428 -53.2973 5.9 1868 
1429 -54.3957 5.8 1868 
1430 -38.2502 7.5 1868 
1431 -22.7576 8.8 1868 
1432 -41.0144 7.5 1868 
1433 -35.4174 8.1 1868 
1434 -40.6629 7.9 1868 
1435 -33.4472 8.5 1868 
1436 -13.8667 10 1868 
1437 8.38259 11.4 1868 
1438 2.40457 11.2 1868 
1439 14.6033 11.9 1868 
1440 1.48279 11.3 1869 
1441 -2.15271 11.2 1869 
1442 -15.999 10.5 1869 
1443 -37.5519 9.3 1869 
1444 65.4929 14.8 1869 
1445 70.8398 15.1 1869 
1446 -13.0069 11.2 1869 
1447 18.9571 12.9 1869 
1448 18.8362 13 1869 
1449 -18.5653 11.2 1869 
1450 10.7569 12.8 1869 
1451 52.8071 14.8 1869 
1452 5.88962 12.7 1870 
1453 66.8086 15.5 1870 
1454 136.068 18.2 1870 
1455 138.573 18.3 1870 
1456 163.626 19.2 1870 
1457 94.7313 16.9 1870 
1458 87.7936 16.7 1870 
1459 121.916 18 1870 
1460 90.8026 16.9 1870 
1461 106.957 17.5 1870 
1462 107.381 17.6 1870 
1463 76.8804 16.5 1870 
1464 6.25678 13.6 1871 
1465 67.0135 16.2 1871 
1466 95.7533 17.4 1871 
1467 127.079 18.5 1871 
1468 97.9934 17.5 1871 
1469 7.59844 13.9 1871 
1470 25.8966 14.7 1871 
1471 37.2898 15.2 1871 
1472 -12.9201 13 1871 
1473 1.36868 13.7 1871 
1474 28.3575 14.9 1871 
1475 3.3477 13.8 1871 
1476 -14.7597 12.9 1872 
1477 52.9363 15.9 1872 
1478 0.336354 13.6 1872 
1479 23.5409 14.7 1872 
1480 33.0502 15 1872 
1481 37.3645 15.2 1872 
1482 30.6834 14.9 1872 
1483 10.4068 14 1872 
1484 47.334 15.5 1872 
1485 28.3644 14.7 1872 
1486 44.997 15.3 1872 
1487 -0.769489 13.3 1872 
1488 5.16373 13.5 1873 
1489 40.2951 15 1873 
1490 27.3227 14.4 1873 
1491 -8.05516 12.7 1873 
1492 -53.5408 10.1 1873 
1493 -57.0364 9.8 1873 
1494 -18.3446 11.9 1873 
1495 -14.368 12 1873 
1496 -47.5095 10 1873 
1497 -45.572 10 1873 
1498 -29.5587 10.8 1873 
1499 -37.873 10.2 1873 
1500 -16.2184 11.3 1874 
1501 -8.19837 11.6 1874 
1502 -35.4168 9.9 1874 
1503 -56.9774 8.2 1874 
1504 -33.3843 9.7 1874 
1505 -41.6416 9 1874 
1506 10.3466 11.9 1874 
1507 2.07589 11.3 1874 
1508 -50.7581 7.7 1874 
1509 -37.4597 8.5 1874 
1510 -43.9336 7.8 1874 
1511 -40.5844 7.9 1874 
1512 -62.2166 5.7 1875 
1513 -47.935 6.8 1875 
1514 -24.6443 8.4 1875 
1515 -29.6492 7.8 1875 
1516 -56.2544 5.1 1875 
1517 -32.7647 7.1 1875 
1518 -48.9849 5.3 1875 
1519 -42.7197 5.7 1875 
1520 -60.3738 2.9 1875 
1521 -40.3518 5.3 1875 
1522 -29.3584 6.3 1875 
1523 -39.7982 4.8 1875 
1524 -29.7756 5.7 1876 
1525 -25.9952 5.7 1876 
1526 2.53884 8.1 1876 
1527 -42.1779 2.9 1876 
1528 -35.1495 3.7 1876 
1529 -38.5801 2.6 1876 
1530 -13.4735 5.8 1876 
1531 -21.9337 4.5 1876 
1532 -17.9644 4.8 1876 
1533 -8.56896 5.6 1876 
1534 -13.851 4.8 1876 
1535 -14.9136 4.4 1876 
1536 13.94 7.2 1877 
1537 -10.3931 4.4 1877 
1538 -3.31571 5.2 1877 
1539 4.66966 5.9 1877 
1540 15.9606 6.8 1877 
1541 4.85481 5.5 1877 
1542 -7.44968 3.8 1877 
1543 -5.75473 3.9 1877 
1544 12.938 6 1877 
1545 -2.97285 4.1 1877 
1546 10.3114 5.6 1877 
1547 -9.01026 2.7 1877 
1548 -6.33863 3.1 1878 
1549 -0.274338 4.1 1878 
1550 2.28223 4.3 1878 
1551 -10.2691 2 1878 
1552 -0.328342 3.9 1878 
1553 0.604779 4 1878 
1554 -9.8693 2 1878 
1555 -10.1499 2 1878 
1556 -1.5362 3.7 1878 
1557 -8.72709 2.4 1878 
1558 -4.22128 3.3 1878 
1559 -10.6173 2.2 1878 
1560 -10.5135 2.3 1879 
1561 -11.908 2.2 1879 
1562 -13.5986 2 1879 
1563 -4.08325 3.9 1879 
1564 -11.4594 2.8 1879 
1565 -8.52446 3.6 1879 
1566 -5.07565 4.2 1879 
1567 -1.01003 5 1879 
1568 -10.1245 3.8 1879 
1569 -1.21576 5.2 1879 
1570 -1.18045 5.4 1879 
1571 -12.415 4.1 1879 
1572 13.8842 7.2 1880 
1573 17.5211 7.6 1880 
1574 2.49939 6.4 1880 
1575 1.02325 6.4 1880 
1576 5.89675 7.1 1880 
1577 21.8241 8.5 1880 
1578 -0.49044 6.8 1880 
1579 41.3575 10.1 1880 
1580 69.1724 11.8 1880 
1581 28.7586 9.5 1880 
1582 6.12081 8.1 1880 
1583 2.36343 7.9 1880 
1584 11.4911 8.7 1881 
1585 37.4084 10.6 1881 
1586 32.5199 10.4 1881 
1587 30.7302 10.4 1881 
1588 15.044 9.6 1881 
1589 41.2657 11.3 1881 
1590 66.5999 12.7 1881 
1591 33.6512 11.1 1881 
1592 22.9238 10.6 1881 
1593 39.6222 11.6 1881 
1594 21.8508 10.7 1881 
1595 7.21364 10 1881 
1596 1.51498 9.7 1882 
1597 40.5588 12.1 1882 
1598 34.3491 11.8 1882 
1599 80.6897 14.2 1882 
1600 26.2843 11.6 1882 
1601 -6.86359 9.8 1882 
1602 -8.15046 9.8 1882 
1603 -17.873 9.2 1882 
1604 9.2719 11 1882 
1605 10.3873 11.2 1882 
1606 51.0759 13.3 1882 
1607 -21.0595 9.4 1882 
1608 9.08358 11.3 1883 
1609 -14.7926 10 1883 
1610 -22.6859 9.5 1883 
1611 41.9057 13.1 1883 
1612 -43.2162 8.1 1883 
1613 30.7501 12.7 1883 
1614 37.3059 13 1883 
1615 -21.0477 9.8 1883 
1616 -10.3096 10.5 1883 
1617 41.1209 13.3 1883 
1618 42.0443 13.3 1883 
1619 27.5609 12.6 1883 
1620 53.5709 13.9 1884 
1621 45.7743 13.5 1884 
1622 46.8707 13.6 1884 
1623 28.1596 12.7 1884 
1624 12.4404 11.8 1884 
1625 -12.7878 10.4 1884 
1626 -9.12622 10.6 1884 
1627 -3.97605 10.8 1884 
1628 6.66119 11.4 1884 
1629 -16.1162 10 1884 
1630 -34.0101 8.8 1884 
1631 -15.4225 10 1884 
1632 -21.6556 9.5 1885 
1633 27.688 12.3 1885 
1634 -7.99417 10.2 1885 
1635 1.99516 10.8 1885 
1636 33.1531 12.4 1885 
1637 52.3765 13.3 1885 
1638 25.1623 11.8 1885 
1639 -0.792882 10.3 1885 
1640 -16.7926 9.1 1885 
1641 -16.7403 9.1 1885 
1642 -28.0397 8.1 1885 
1643 -41.6948 6.8 1885 
1644 -26.5092 8 1886 
1645 -31.3872 7.4 1886 
1646 22.6674 11 1886 
1647 1.85022 9.6 1886 
1648 -18.0428 8 1886 
1649 -22.116 7.6 1886 
1650 -15.1736 8 1886 
1651 -35.6201 6 1886 
1652 -26.1597 6.8 1886 
1653 -45.5969 4.3 1886 
1654 -57.536 2.1 1886 
1655 -34.5814 5.3 1886 
1656 -37.4376 4.8 1887 
1657 -30.6089 5.4 1887 
1658 -43.6995 3.3 1887 
1659 -37.4138 4 1887 
1660 -13.856 6.5 1887 
1661 -19.4303 5.7 1887 
1662 -4.9407 7 1887 
1663 -6.49134 6.8 1887 
1664 -28.1861 4.2 1887 
1665 -28.0289 3.9 1887 
1666 -26.0233 4 1887 
1667 -1.57314 6.6 1887 
1668 -13.4818 5.3 1888 
1669 -21.5527 4.1 1888 
1670 -18.9891 4.3 1888 
1671 -22.394 3.5 1888 
1672 -18.0705 4.1 1888 
1673 -16.9214 4 1888 
1674 -22.7492 2.9 1888 
1675 -22.2564 2.9 1888 
1676 -11.4454 4.4 1888 
1677 -21.9183 2.7 1888 
1678 -6.77699 4.8 1888 
1679 -13.0232 3.9 1888 
1680 -22.3586 2.3 1889 
1681 -9.08444 4.5 1889 
1682 -11.9019 4 1889 
1683 -15.5121 3.4 1889 
1684 -18.7156 2.8 1889 
1685 -11.913 4 1889 
1686 -7.00482 4.6 1889 
1687 11.3089 6.7 1889 
1688 -12.3717 3.9 1889 
1689 -20.2465 2.6 1889 
1690 -23.8149 2 1889 
1691 -13.4764 4.1 1889 
1692 -16.5299 3.6 1890 
1693 -24.9745 2.2 1890 
1694 -18.4087 3.6 1890 
1695 -25.1313 2.5 1890 
1696 -20.9404 3.5 1890 
1697 -27.7342 2.4 1890 
1698 -11.8107 5.1 1890 
1699 -18.1675 4.4 1890 
1700 -5.10229 6 1890 
1701 -16.5125 5 1890 
1702 -20.6952 4.7 1890 
1703 -25.0476 4.2 1890 
1704 -17.2666 5.5 1891 
1705 -4.54897 6.9 1891 
1706 -25.9913 4.7 1891 
1707 -10.79 6.6 1891 
1708 21.6586 9.3 1891 
1709 31.6581 10.1 1891 
1710 47.3125 11.1 1891 
1711 2.42575 8.3 1891 
1712 35.002 10.7 1891 
1713 29.2454 10.4 1891 
1714 10.9603 9.4 1891 
1715 -6.64914 8.3 1891 
1716 52.1216 12.1 1892 
1717 60.8769 12.6 1892 
1718 15.9214 10.3 1892 
1719 46.4595 12.1 1892 
1720 60.9957 12.9 1892 
1721 53.4347 12.7 1892 
1722 51.581 12.7 1892 
1723 90.8392 14.6 1892 
1724 24.4139 11.5 1892 
1725 35.1095 12.2 1892 
1726 24.4307 11.7 1892 
1727 44.4817 12.9 1892 
1728 36.4672 10 1893 
1729 31.0913 9.8 1893 
1730 17.0584 9.3 1893 
1731 52.4727 10.8 1893 
1732 45.1383 10.6 1893 
1733 51.8591 10.9 1893 
1734 47.9392 10.9 1893 
1735 114.082 13.1 1893 
1736 26.992 10.2 1893 
1737 28.8719 10.3 1893 
1738 19.3254 10 1893 
1739 49.1558 11.2 1893 
1740 30.0662 10.5 1894 
1741 31.2596 10.6 1894 
1742 -23.7614 8.3 1894 
1743 24.106 10.4 1894 
1744 55.8641 11.6 1894 
1745 51.1153 11.5 1894 
1746 62.2616 11.9 1894 
1747 2.00495 9.6 1894 
1748 -5.65306 9.4 1894 
1749 9.5891 10 1894 
1750 -22.1673 8.7 1894 
1751 -16.6211 8.9 1894 
1752 -11.4715 9.2 1895 
1753 -4.91782 9.4 1895 
1754 -15.2596 9 1895 
1755 11.5035 10.1 1895 
1756 -3.92865 9.4 1895 
1757 3.0439 9.7 1895 
1758 -35.8793 8 1895 
1759 -0.0987963 9.6 1895 
1760 -18.2154 8.8 1895 
1761 -0.330261 9.5 1895 
1762 -34.0445 7.9 1895 
1763 6.24052 9.7 1895 
1764 -62.1769 6.2 1896 
1765 -13.6987 8.7 1896 
1766 -21.6267 8.3 1896 
1767 -33.7633 7.6 1896 
1768 -59.2108 6.1 1896 
1769 -22.0719 8.1 1896 
1770 -26.9491 7.7 1896 
1771 -55.0456 6 1896 
1772 3.53556 9 1896 
1773 -48.9088 6.2 1896 
1774 -31.5821 7.1 1896 
1775 -21.8879 7.5 1896 
1776 -23.2299 7.3 1897 
1777 -39.712 6.2 1897 
1778 -37.838 6.2 1897 
1779 -32.612 6.4 1897 
1780 -48.7382 5.2 1897 
1781 -60.8208 4 1897 
1782 -31.2642 6.1 1897 
1783 -38.5728 5.4 1897 
1784 7.84892 8 1897 
1785 -46.2037 4.5 1897 
1786 -53.6351 3.5 1897 
1787 -9.6501 6.7 1897 
1788 -12.2533 6.3 1898 
1789 0.550547 7 1898 
1790 6.25674 7.2 1898 
1791 -30.9395 4.5 1898 
1792 -9.64278 5.9 1898 
1793 -13.0579 5.4 1898 
1794 -32.6896 3.7 1898 
1795 7.05753 6.5 1898 
1796 15.2789 6.8 1898 
1797 16.6699 6.8 1898 
1798 13.5261 6.4 1898 
1799 -14.657 4.2 1898 
1800 -1.08373 5.1 1899 
1801 -15.9583 3.7 1899 
1802 1.21508 5 1899 
1803 -3.36762 4.4 1899 
1804 -12.0104 3.3 1899 
1805 11.1831 5.2 1899 
1806 1.50897 4.4 1899 
1807 -14.2362 2.6 1899 
1808 -3.35591 3.5 1899 
1809 6.04665 4.4 1899 
1810 -1.03163 3.4 1899 
1811 5.10629 3.9 1899 
1812 4.65766 3.7 1900 
1813 13.1199 4.5 1900 
1814 5.99056 3.6 1900 
1815 19.5674 4.6 1900 
1816 19.1485 4.6 1900 
1817 14.9319 4.2 1900 
1818 9.61598 3.6 1900 
1819 3.5993 2.9 1900 
1820 11.0806 3.6 1900 
1821 19.3589 4.3 1900 
1822 5.73322 2.9 1900 
1823 -0.896922 2 1900 
1824 -0.731999 2 1901 
1825 3.02779 2.4 1901 
1826 6.48243 3 1901 
1827 -0.967844 2 1901 
1828 15.8774 4 1901 
1829 8.31871 3.1 1901 
1830 -0.542987 2.1 1901 
1831 -0.506693 2.2 1901 
1832 -1.87116 2.1 1901 
1833 2.86504 2.8 1901 
1834 2.20356 2.7 1901 
1835 -5.05379 2 1901 
1836 3.29502 3.2 1902 
1837 -7.04782 2 1902 
1838 12.5201 4.3 1902 
1839 -9.39878 2 1902 
1840 -6.00162 2.5 1902 
1841 -9.68558 2.3 1902 
1842 -12.0476 2.2 1902 
1843 -11.2846 2.4 1902 
1844 -4.09306 3.5 1902 
1845 8.83034 4.7 1902 
1846 -2.91077 4 1902 
1847 -20.1127 2.2 1902 
1848 -9.87151 3.5 1903 
1849 2.71661 4.8 1903 
1850 -5.14426 4.4 1903 
1851 13.85 5.9 1903 
1852 -7.39642 4.5 1903 
1853 -6.57925 4.7 1903 
1854 10.5058 6.1 1903 
1855 9.96326 6.2 1903 
1856 -21.7026 4 1903 
1857 22.4128 7.2 1903 
1858 29.6138 7.7 1903 
1859 29.4051 7.8 1903 
1860 3.59104 6.5 1904 
1861 -10.4238 5.7 1904 
1862 8.46516 7 1904 
1863 15.9623 7.6 1904 
1864 7.87205 7.2 1904 
1865 9.79889 7.5 1904 
1866 22.1471 8.2 1904 
1867 32.8211 8.8 1904 
1868 -16.1749 6.3 1904 
1869 21.9632 8.5 1904 
1870 -7.06049 7.1 1904 
1871 18.658 8.5 1904 
1872 16.8227 8.5 1905 
1873 66.7372 10.7 1905 
1874 16.2053 8.7 1905 
1875 -14.3695 7.2 1905 
1876 -1.6838 8 1905 
1877 -1.63423 8.1 1905 
1878 36.7823 9.8 1905 
1879 11.7688 8.8 1905 
1880 4.02814 8.5 1905 
1881 42.063 10.2 1905 
1882 88.2758 11.9 1905 
1883 0.869023 8.6 1905 
1884 -16.9552 7.8 1906 
1885 -41.4949 6.5 1906 
1886 12.6518 9.2 1906 
1887 -3.4135 8.6 1906 
1888 -0.189347 8.7 1906 
1889 8.22551 9.2 1906 
1890 75.0321 11.7 1906 
1891 -18.5686 8 1906 
1892 -5.076 8.6 1906 
1893 -69.1896 4.9 1906 
1894 -34.3092 7.2 1906 
1895 8.76547 9.3 1906 
1896 28.1341 10.1 1907 
1897 81.0966 12 1907 
1898 2.05222 9 1907 
1899 -11.1996 8.4 1907 
1900 -27.0597 7.5 1907 
1901 -30.8293 7.3 1907 
1902 -14.6095 8.1 1907 
1903 -6.40185 8.5 1907 
1904 45.4921 10.6 1907 
1905 13.6704 9.3 1907 
1906 7.93126 9 1907 
1907 -14.7275 7.9 1907 
1908 -27.2083 7.2 1908 
1909 -34.9135 6.7 1908 
1910 -42.4457 6.2 1908 
1911 6.99235 8.7 1908 
1912 -19.8023 7.4 1908 
1913 -6.23261 8 1908 
1914 -19.2018 7.2 1908 
1915 67.3869 11 1908 
1916 62.9301 10.7 1908 
1917 -26.4757 6.6 1908 
1918 -2.83403 7.8 1908 
1919 -11.1487 7.2 1908 
1920 19.2767 8.7 1909 
1921 4.03819 7.9 1909 
1922 38.7319 9.4 1909 
1923 -16.246 6.5 1909 
1924 -8.09969 6.9 1909 
1925 -28.4331 5.5 1909 
1926 -4.75038 6.9 1909 
1927 -23.9556 5.5 1909 
1928 4.14714 7.2 1909 
1929 38.7537 8.8 1909 
1930 36.2599 8.6 1909 
1931 35.3618 8.5 1909 
1932 -8.94489 5.9 1910 
1933 1.43587 6.5 1910 
1934 -13.5 5.3 1910 
1935 -33.2564 3.5 1910 
1936 -8.6373 5.4 1910 
1937 -23.2466 4.1 1910 
1938 -18.4881 4.4 1910 
1939 -20.9655 4.1 1910 
1940 5.11754 5.9 1910 
1941 26.9575 7.1 1910 
1942 -27.0492 3 1910 
1943 -24.2057 3.1 1910 
1944 -26.7154 2.6 1911 
1945 -15.8814 3.7 1911 
1946 -16.5066 3.5 1911 
1947 -0.593946 4.7 1911 
1948 -11.8462 3.7 1911 
1949 -22.0659 2.4 1911 
1950 -18.7555 2.7 1911 
1951 -16.9173 2.7 1911 
1952 -15.9534 2.8 1911 
1953 -17.2659 2.5 1911 
1954 -13.9565 2.7 1911 
1955 -16.5269 2.4 1911 
1956 -19.1786 2.1 1912 
1957 -19.013 2 1912 
1958 -10.3311 2.9 1912 
1959 -10.5339 3 1912 
1960 -10.4222 2.8 1912 
1961 -10.6967 2.7 1912 
1962 -12.5578 2.6 1912 
1963 -16.9057 2.1 1912 
1964 -1.54058 3.7 1912 
1965 -9.96227 3 1912 
1966 -15.8705 2.3 1912 
1967 -7.46493 3.3 1912 
1968 -14.6448 2.4 1913 
1969 -14.1094 2.6 1913 
1970 -18.6578 2.1 1913 
1971 -18.4888 2.2 1913 
1972 -20.8011 2 1913 
1973 -21.5934 2 1913 
1974 -19.5638 2.4 1913 
1975 -23.0108 2 1913 
1976 -22.4324 2.3 1913 
1977 -20.3266 2.6 1913 
1978 -25.491 2.1 1913 
1979 -21.6235 2.8 1913 
1980 -24.5215 2.6 1914 
1981 -26.1825 2.5 1914 
1982 -26.7038 2.6 1914 
1983 -4.58243 4.8 1914 
1984 -26.3156 3.1 1914 
1985 -17.5003 4.1 1914 
1986 -29.1334 3 1914 
1987 -27.0116 3.5 1914 
1988 -20.4318 4.2 1914 
1989 -29.6905 3.5 1914 
1990 -17.8843 4.7 1914 
1991 -9.70981 5.4 1914 
1992 -10.3634 5.5 1915 
1993 19.6583 7.5 1915 
1994 12.1591 7.2 1915 
1995 14.3426 7.4 1915 
1996 -1.38763 6.7 1915 
1997 56.2721 9.5 1915 
1998 59.0254 9.7 1915 
1999 53.676 9.6 1915 
2000 18.1276 8.1 1915 
2001 22.8837 8.4 1915 
2002 2.74794 7.5 1915 
2003 -12.5761 6.8 1915 
2004 3.51521 7.8 1916 
2005 18.5252 8.6 1916 
2006 35.9574 9.4 1916 
2007 42.2152 9.8 1916 
2008 44.6018 9.9 1916 
2009 31.7205 9.5 1916 
2010 6.37442 8.4 1916 
2011 -26.0334 6.9 1916 
2012 -11.1999 7.7 1916 
2013 -3.42233 8.2 1916 
2014 20.0021 9.3 1916 
2015 -2.72385 8.4 1916 
2016 32.0023 10 1917 
2017 25.9829 9.8 1917 
2018 62.7203 11.2 1917 
2019 28.0167 10 1917 
2020 92.3741 12.3 1917 
2021 92.3945 12.3 1917 
2022 99.5796 12.6 1917 
2023 156.531 14.3 1917 
2024 113.45 13.1 1917 
2025 17.2387 9.8 1917 
2026 56.7975 11.3 1917 
2027 110.828 13.1 1917 
2028 54.6302 11.3 1918 
2029 2.70576 9.3 1918 
2030 13.855 9.8 1918 
2031 27.0783 10.3 1918 
2032 20.4759 10.1 1918 
2033 -8.75193 8.9 1918 
2034 71.4947 11.9 1918 
2035 61.4157 11.6 1918 
2036 24.9107 10.3 1918 
2037 33.3793 10.6 1918 
2038 30.7208 10.5 1918 
2039 -9.66555 8.9 1918 
2040 -27.7806 8 1919 
2041 24.7747 10.3 1919 
2042 3.49906 9.4 1919 
2043 -20.7088 8.3 1919 
2044 40.3498 10.8 1919 
2045 79.2732 12.1 1919 
2046 2.35974 9.3 1919 
2047 10.3077 9.6 1919 
2048 -12.9849 8.5 1919 
2049 -15.32 8.4 1919 
2050 -32.5997 7.5 1919 
2051 -43.6262 6.8 1919 
2052 -15.4019 8.2 1920 
2053 -9.929 8.5 1920 
2054 18.1899 9.6 1920 
2055 -72.9476 4.5 1920 
2056 -41.1443 6.6 1920 
2057 -30.8027 7.2 1920 
2058 -48.5255 6 1920 
2059 -61.1156 5.1 1920 
2060 -31.2757 7 1920 
2061 -7.80867 8.1 1920 
2062 -43.9174 6 1920 
2063 -38.1049 6.3 1920 
2064 -34.0739 6.5 1921 
2065 -38.1274 6.1 1921 
2066 -39.3684 6 1921 
2067 -28.4998 6.6 1921 
2068 -44.1245 5.5 1921 
2069 -23.5455 6.7 1921 
2070 -8.66564 7.4 1921 
2071 -38.9878 5.5 1921 
2072 -46.0148 4.9 1921 
2073 -43.9494 5 1921 
2074 -43.2945 5 1921 
2075 -37.6527 5.3 1921 
2076 -50.5267 4.1 1922 
2077 -25.019 6 1922 
2078 23.6677 8.5 1922 
2079 -48.0689 4 1922 
2080 -51.7312 3.5 1922 
2081 -54.1216 3.1 1922 
2082 -44.4422 4 1922 
2083 -50.6953 3.3 1922 
2084 -52.6828 2.8 1922 
2085 -49.0066 3.2 1922 
2086 -46.1687 3.3 1922 
2087 -28.3708 5 1922 
2088 -48.9144 3 1923 
2089 -53.0012 2.3 1923 
2090 -49.1325 2.6 1923 
2091 -43.6097 3.1 1923 
2092 -47.734 2.6 1923 
2093 -37.0063 3.7 1923 
2094 -45.7277 2.7 1923 
2095 -50.199 2.1 1923 
2096 -28.321 4.2 1923 
2097 -30.3941 4 1923 
2098 -32.719 3.8 1923 
2099 -44.3959 2.6 1923 
2100 -47.8251 2.1 1924 
2101 -39.8066 3.1 1924 
2102 -45.0406 2.4 1924 
2103 -28.9269 4.2 1924 
2104 -13.0652 5.3 1924 
2105 -7.55517 5.6 1924 
2106 -0.596366 6.1 1924 
2107 -15.3882 5.1 1924 
2108 -5.62999 5.8 1924 
2109 -5.02094 5.8 1924 
2110 -10.2602 5.6 1924 
2111 -20.4466 4.8 1924 
2112 -39.0793 3.1 1925 
2113 -9.85694 5.6 1925 
2114 -18.7783 5 1925 
2115 3.858 6.5 1925 
2116 21.8534 7.5 1925 
2117 29.1094 7.9 1925 
2118 13.7276 7.2 1925 
2119 12.3097 7.1 1925 
2120 48.7575 8.9 1925 
2121 63.1726 9.6 1925 
2122 44.857 8.8 1925 
2123 111.013 11.4 1925 
2124 65.6412 9.8 1926 
2125 61.645 9.6 1926 
2126 48.7259 9.1 1926 
2127 7.98589 7.2 1926 
2128 50.0271 9.2 1926 
2129 64.6517 9.9 1926 
2130 28.6618 8.3 1926 
2131 43.3594 9 1926 
2132 41.2467 9 1926 
2133 58.3258 9.7 1926 
2134 38.9989 9 1926 
2135 69.768 10.3 1926 
2136 72.5352 10.4 1927 
2137 90.8027 11.1 1927 
2138 50.9724 9.6 1927 
2139 89.8464 11.1 1927 
2140 65.1267 10.2 1927 
2141 30.9151 8.8 1927 
2142 23.2136 8.5 1927 
2143 20.4241 8.4 1927 
2144 44.1484 9.5 1927 
2145 34.4881 9.1 1927 
2146 40.6449 9.4 1927 
2147 3.12056 7.7 1927 
2148 66.3165 10.5 1928 
2149 48.8343 9.9 1928 
2150 68.1752 10.7 1928 
2151 59.4407 10.3 1928 
2152 52.8319 10.1 1928 
2153 76.3501 11 1928 
2154 86.7963 11.4 1928 
2155 62.4715 10.5 1928 
2156 71.9767 10.9 1928 
2157 24.2125 9 1928 
2158 5.37984 8.2 1928 
2159 19.3792 8.8 1928 
2160 35.5112 9.6 1929 
2161 25.0763 9.1 1929 
2162 3.87482 8.2 1929 
2163 7.70698 8.4 1929 
2164 16.573 8.8 1929 
2165 39.2729 9.8 1929 
2166 36.3066 9.6 1929 
2167 28.6741 9.3 1929 
2168 -23.7249 6.8 1929 
2169 9.00927 8.5 1929 
2170 53.9763 10.4 1929 
2171 98.7756 12 1929 
2172 27.7067 9.3 1930 
2173 2.06893 8.1 1930 
2174 -22.5385 6.8 1930 
2175 -17.1165 7.1 1930 
2176 -19.2658 7 1930 
2177 -32.4874 6.2 1930 
2178 -43.7825 5.4 1930 
2179 -38.552 5.7 1930 
2180 -26.2973 6.5 1930 
2181 -22.3195 6.8 1930 
2182 -19.82 6.9 1930 
2183 -35.9001 5.9 1930 
2184 -54.1613 4.5 1931 
2185 -6.40488 7.6 1931 
2186 -27.7325 6.3 1931 
2187 -25.4457 6.4 1931 
2188 -36.246 5.7 1931 
2189 -51.1351 4.7 1931 
2190 -47.2146 4.8 1931 
2191 -54.1861 4.3 1931 
2192 -43.6515 5 1931 
2193 -58.3122 3.7 1931 
2194 -43.2702 5.1 1931 
2195 -44.327 4.9 1931 
2196 -53.4844 4.1 1932 
2197 -55.5442 3.9 1932 
2198 -53.908 4 1932 
2199 -53.5776 4.1 1932 
2200 -42.1546 4.9 1932 
2201 -34.5407 5.4 1932 
2202 -55.0376 3.8 1932 
2203 -59.3468 3.3 1932 
2204 -63.67 2.7 1932 
2205 -55.1087 3.5 1932 
2206 -55.8644 3.5 1932 
2207 -50.7385 3.9 1932 
2208 -48.5326 4.2 1933 
2209 -31.7479 5.6 1933 
2210 -51.5858 3.8 1933 
2211 -63.2476 2.6 1933 
2212 -62.6344 2.6 1933 
2213 -59.0475 3 1933 
2214 -62.8878 2.6 1933 
2215 -67.0563 2 1933 
2216 -58.8542 3 1933 
2217 -62.2821 2.6 1933 
2218 -66.2409 2.1 1933 
2219 -66.8313 2.1 1933 
2220 -61.554 2.7 1934 
2221 -54.4095 3.4 1934 
2222 -60.1983 2.8 1934 
2223 -48.7208 4 1934 
2224 -34.7774 5.2 1934 
2225 -56.6682 3.3 1934 
2226 -52.7935 3.7 1934 
2227 -54.4533 3.6 1934 
2228 -61.9477 2.8 1934 
2229 -59.4764 3 1934 
2230 -54.8394 3.6 1934 
2231 -44.0365 4.7 1934 
2232 -39.0672 5 1935 
2233 -36.5312 5.2 1935 
2234 -32.628 5.6 1935 
2235 -51.257 4.2 1935 
2236 -26.8176 6.1 1935 
2237 3.39096 7.8 1935 
2238 -16.9306 6.7 1935 
2239 -23.8813 6.3 1935 
2240 -4.6604 7.5 1935 
2241 13.2332 8.4 1935 
2242 30.8006 9.2 1935 
2243 25.5428 9 1935 
2244 26.961 9.1 1936 
2245 45.3565 9.9 1936 
2246 49.0305 10.1 1936 
2247 44.5843 10 1936 
2248 9.8193 8.5 1936 
2249 34.7369 9.6 1936 
2250 4.33862 8.3 1936 
2251 61.2259 10.7 1936 
2252 42.0001 10 1936 
2253 62.563 10.9 1936 
2254 105.716 12.4 1936 
2255 118.061 12.8 1936 
2256 132.399 13.3 1937 
2257 124.632 13 1937 
2258 49.2617 10.5 1937 
2259 90.7896 12 1937 
2260 102.017 12.4 1937 
2261 123.746 13.1 1937 
2262 147.479 13.9 1937 
2263 134.215 13.5 1937 
2264 71.6586 11.6 1937 
2265 111.01 12.9 1937 
2266 25.7699 9.9 1937 
2267 48.8412 10.8 1937 
2268 64.0249 11.4 1938 
2269 97.7225 12.6 1938 
2270 42.4355 10.7 1938 
2271 65.7651 11.6 1938 
2272 108.813 13 1938 
2273 58.2799 11.4 1938 
2274 170.468 14.8 1938 
2275 86.8773 12.4 1938 
2276 42.6099 10.9 1938 
2277 57.8667 11.5 1938 
2278 95.4486 12.7 1938 
2279 45.8567 11.1 1938 
2280 24.3918 10.3 1939 
2281 18.8549 10.1 1939 
2282 -2.95322 9.3 1939 
2283 70.5681 12 1939 
2284 85.4196 12.5 1939 
2285 55.9018 11.6 1939 
2286 49.7152 11.4 1939 
2287 62.9604 11.8 1939 
2288 73.9377 12.2 1939 
2289 32.7474 10.8 1939 
2290 -0.810297 9.5 1939 
2291 -44.6352 7.5 1939 
2292 -31.0271 8.2 1940 
2293 -16.2862 8.9 1940 
2294 23.2876 10.5 1940 
2295 -14.7058 9 1940 
2296 -25.3667 8.5 1940 
2297 23.7047 10.5 1940 
2298 -3.69191 9.5 1940 
2299 59.643 11.8 1940 
2300 -5.49102 9.4 1940 
2301 -24.7945 8.5 1940 
2302 -18.868 8.8 1940 
2303 -2.41217 9.5 1940 
2304 -40.0278 7.8 1941 
2305 -41.7156 7.7 1941 
2306 -38.3764 7.8 1941 
2307 -61.1111 6.6 1941 
2308 -66.5206 6.3 1941 
2309 -15.7059 8.9 1941 
2310 -3.66804 9.4 1941 
2311 -14.7081 8.9 1941 
2312 -4.72706 9.4 1941 
2313 -37.0262 7.8 1941 
2314 -49.9066 7.2 1941 
2315 -57.3696 6.7 1941 
2316 -53.7162 6.9 1942 
2317 -24.9479 8.4 1942 
2318 -22.0658 8.5 1942 
2319 -10.8713 9 1942 
2320 -69.8656 5.8 1942 
2321 -92.3501 4 1942 
2322 -81.2261 4.9 1942 
2323 -76.6949 5.2 1942 
2324 -81.2579 4.8 1942 
2325 -77.5164 5.1 1942 
2326 -57.7717 6.4 1942 
2327 -71.0251 5.5 1942 
2328 -87.478 4.1 1943 
2329 -59.6315 6.2 1943 
2330 -61.5871 6 1943 
2331 -63.3458 5.9 1943 
2332 -82.8091 4.3 1943 
2333 -93.2779 3.4 1943 
2334 -83.5536 4.3 1943 
2335 -72.8372 5.1 1943 
2336 -88.0299 3.9 1943 
2337 -91.3327 3.4 1943 
2338 -86.9466 3.9 1943 
2339 -72.1727 5.1 1943 
2340 -97.1118 2.7 1944 
2341 -102.065 2.1 1944 
2342 -84.2327 4 1944 
2343 -101.816 2.1 1944 
2344 -97.8159 2.6 1944 
2345 -93.4327 2.8 1944 
2346 -92.8671 2.9 1944 
2347 -73.2198 4.8 1944 
2348 -77.1913 4.4 1944 
2349 -72.582 4.8 1944 
2350 -82.5923 3.9 1944 
2351 -52.9227 6.2 1944 
2352 -69.3733 5 1945 
2353 -78.8445 4.2 1945 
2354 -64.0365 5.4 1945 
2355 -46.4493 6.5 1945 
2356 -48.783 6.4 1945 
2357 -39.5376 6.9 1945 
2358 -28.7131 7.5 1945 
2359 -56.6093 5.9 1945 
2360 -41.6262 6.8 1945 
2361 14.7366 9.5 1945 
2362 -23.2208 7.8 1945 
2363 -54.1979 6 1945 
2364 -20.6945 7.9 1946 
2365 43.6899 10.7 1946 
2366 27.4558 10.1 1946 
2367 25.7036 10 1946 
2368 41.034 10.6 1946 
2369 21.8475 9.9 1946 
2370 92.7448 12.4 1946 
2371 77.5265 11.9 1946 
2372 55.9933 11.2 1946 
2373 68.8461 11.6 1946 
2374 104.385 12.8 1946 
2375 100.712 12.7 1946 
2376 61.2274 8.5 1947 
2377 86.1316 9.2 1947 
2378 80.7258 9.1 1947 
2379 108.711 9.7 1947 
2380 181.288 11.3 1947 
2381 128.057 10.2 1947 
2382 119.12 10 1947 
2383 162.678 10.9 1947 
2384 134.83 10.4 1947 
2385 126.28 10.2 1947 
2386 75.526 9 1947 
2387 58.7705 8.6 1947 
2388 47.114 8.3 1948 
2389 15.1574 7.4 1948 
2390 27.1016 7.7 1948 
2391 160.947 11 1948 
2392 138.496 10.5 1948 
2393 129.247 10.3 1948 
2394 92.8027 9.5 1948 
2395 114.763 10 1948 
2396 93.6288 9.5 1948 
2397 83.3009 9.3 1948 
2398 25.6799 7.8 1948 
2399 85.0663 9.3 1948 
2400 58.0608 8.7 1949 
2401 147.164 10.8 1949 
2402 111.876 10 1949 
2403 96.6979 9.7 1949 
2404 38.7297 8.2 1949 
2405 60.4719 8.8 1949 
2406 66.1247 8.9 1949 
2407 62.8885 8.9 1949 
2408 93.1634 9.6 1949 
2409 73.4497 9.1 1949 
2410 90.1475 9.5 1949 
2411 53.3568 8.6 1949 
2412 30.4776 8 1950 
2413 20.71 7.7 1950 
2414 41.6538 8.3 1950 
2415 46.7089 8.5 1950 
2416 36.4752 8.2 1950 
2417 4.15235 7.3 1950 
2418 14.6401 7.6 1950 
2419 6.23815 7.3 1950 
2420 -41.7539 5.7 1950 
2421 -27.5365 6.2 1950 
2422 -36.9101 5.9 1950 
2423 -37.9752 5.9 1950 
2424 -29.7324 6.2 1951 
2425 -29.9823 6.1 1951 
2426 -35.5254 5.9 1951 
2427 16.8374 7.7 1951 
2428 38.8055 8.3 1951 
2429 27.4782 8 1951 
2430 -27.7453 6.2 1951 
2431 -28.4659 6.2 1951 
2432 2.71574 7.2 1951 
2433 -41.7014 5.7 1951 
2434 -40.8181 5.7 1951 
2435 -50.0352 5.4 1951 
2436 -57.1537 5.1 1952 
2437 -82.6746 3.8 1952 
2438 -83.5986 3.8 1952 
2439 -73.4269 4.3 1952 
2440 -81.5602 3.9 1952 
2441 -63.1996 4.8 1952 
2442 -59.1459 5 1952 
2443 -37.5002 5.9 1952 
2444 -74.9633 4.3 1952 
2445 -81.2361 3.9 1952 
2446 -83.7197 3.8 1952 
2447 -66.7147 4.7 1952 
2448 -77.8221 4.1 1953 
2449 -109.943 1.7 1953 
2450 -101.277 2.6 1953 
2451 -76.527 4.2 1953 
2452 -97.9921 2.9 1953 
2453 -84.9734 3.8 1953 
2454 -103.972 2.4 1953 
2455 -83.2876 3.9 1953 
2456 -89.1216 3.6 1953 
2457 -105.074 2.4 1953 
2458 -115.146 1.1 1953 
2459 -114.038 1.3 1953 
2460 -117.85 0.4 1954 
2461 -117.782 0.6 1954 
2462 -103.134 2.7 1954 
2463 -116.608 1.1 1954 
2464 -118.503 0.7 1954 
2465 -119.719 0.4 1954 
2466 -113.256 1.9 1954 
2467 -108.414 2.4 1954 
2468 -119.193 1 1954 
2469 -111.494 2.2 1954 
2470 -109.115 2.5 1954 
2471 -111.756 2.3 1954 
2472 -90.218 3.9 1955 
2473 -94.2993 3.7 1955 
2474 -117.5 1.9 1955 
2475 -109.019 2.7 1955 
2476 -84.756 4.3 1955 
2477 -81.5105 4.5 1955 
2478 -89.1815 4.1 1955 
2479 -70.0684 5.1 1955 
2480 -67.9701 5.2 1955 
2481 -46.4857 6.1 1955 
2482 -3.91427 7.5 1955 
2483 -22.1547 6.9 1955 
2484 -27.6059 6.8 1956 
2485 43.1333 8.9 1956 
2486 34.4642 8.6 1956 
2487 22.688 8.4 1956 
2488 58.6061 9.3 1956 
2489 29.5199 8.6 1956 
2490 46.3307 9 1956 
2491 103.04 10.4 1956 
2492 107.45 10.5 1956 
2493 81.1605 9.9 1956 
2494 145.475 11.3 1956 
2495 131.694 11 1956 
2496 92.6189 10.2 1957 
2497 42.6522 9.1 1957 
2498 80.1953 10 1957 
2499 104.65 10.5 1957 
2500 88.9172 10.2 1957 
2501 139.5 11.3 1957 
2502 119.598 10.9 1957 
2503 77.5153 10 1957 
2504 187.152 12.3 1957 
2505 211.911 12.7 1957 
2506 150.492 11.6 1957 
2507 190.299 12.3 1957 
2508 137.432 11.3 1958 
2509 83.794 10.2 1958 
2510 119.685 11 1958 
2511 126.808 11.2 1958 
2512 96.9638 10.5 1958 
2513 91.2539 10.4 1958 
2514 118.98 11 1958 
2515 131.143 11.3 1958 
2516 132.445 11.3 1958 
2517 103.987 10.7 1958 
2518 62.4696 9.8 1958 
2519 112.395 10.9 1958 
2520 154.264 11.7 1959 
2521 49.0769 9.5 1959 
2522 109.436 10.9 1959 
2523 77.7408 10.2 1959 
2524 90.0932 10.4 1959 
2525 85.4936 10.3 1959 
2526 58.6427 9.7 1959 
2527 129.541 11.3 1959 
2528 52.7892 9.6 1959 
2529 5.18748 8.4 1959 
2530 23.4363 8.9 1959 
2531 25.3359 8.9 1959 
2532 55.8865 9.6 1960 
2533 -0.91199 8.2 1960 
2534 -5.65952 8 1960 
2535 23.0438 8.8 1960 
2536 20.2977 8.7 1960 
2537 7.70181 8.3 1960 
2538 24.8558 8.8 1960 
2539 43.2592 9.2 1960 
2540 34.2113 9 1960 
2541 -27.6886 7.2 1960 
2542 -17.1412 7.5 1960 
2543 -21.8474 7.4 1960 
2544 -59.9083 6 1961 
2545 -75.5248 5.4 1961 
2546 -64.5983 5.8 1961 
2547 -51.7298 6.2 1961 
2548 -65.1207 5.7 1961 
2549 -26.6725 7 1961 
2550 -35.5867 6.6 1961 
2551 -54.3648 6 1961 
2552 -42.1085 6.3 1961 
2553 -77.1195 4.9 1961 
2554 -82.8996 4.6 1961 
2555 -71.0507 5 1961 
2556 -71.3748 5 1962 
2557 -53.2737 5.7 1962 
2558 -58.5495 5.4 1962 
2559 -56.0044 5.4 1962 
2560 -58.4405 5.2 1962 
2561 -59.16 5.2 1962 
2562 -85.7651 3.8 1962 
2563 -84.0582 3.8 1962 
2564 -41.2414 5.7 1962 
2565 -56.2171 5 1962 
2566 -71.8877 4.2 1962 
2567 -75.8556 3.9 1962 
2568 -78.7231 3.6 1963 
2569 -70.5926 4 1963 
2570 -79.3665 3.4 1963 
2571 -60.8473 4.3 1963 
2572 -39.8373 5.2 1963 
2573 -48.1389 4.8 1963 
2574 -69.0545 3.6 1963 
2575 -48.6864 4.6 1963 
2576 -39.4369 5 1963 
2577 -43.0084 4.7 1963 
2578 -57.903 3.9 1963 
2579 -68.5231 3.2 1963 
2580 -66.0708 3.2 1964 
2581 -61.9481 3.4 1964 
2582 -61.7573 3.3 1964 
2583 -71.6003 2.5 1964 
2584 -68.879 2.6 1964 
2585 -68.3954 2.5 1964 
2586 -75.8513 1.5 1964 
2587 -65.6484 2.5 1964 
2588 -71.2885 1.8 1964 
2589 -67.9731 2.1 1964 
2590 -65.0037 2.3 1964 
2591 -52.9817 3.2 1964 
2592 -48.7085 3.4 1965 
2593 -52.3854 3.1 1965 
2594 -54.8135 2.8 1965 
2595 -61.2937 2.2 1965 
2596 -36.2272 3.9 1965 
2597 -46.7147 3.3 1965 
2598 -52.0569 2.8 1965 
2599 -55.4546 2.5 1965 
2600 -43.7082 3.4 1965 
2601 -38.6182 3.6 1965 
2602 -44.4849 3.2 1965 
2603 -42.2085 3.4 1965 
2604 -26.289 4.3 1966 
2605 -31.0265 4 1966 
2606 -29.7209 4 1966 
2607 3.02807 5.5 1966 
2608 -1.6792 5.3 1966 
2609 1.8577 5.5 1966 
2610 14.3394 6 1966 
2611 6.66642 5.7 1966 
2612 5.03966 5.6 1966 
2613 14.96 6 1966 
2614 14.5283 6 1966 
2615 33.0458 6.7 1966 
2616 89.9135 8.4 1967 
2617 65.1328 7.7 1967 
2618 90.4051 8.4 1967 
2619 30.0317 6.6 1967 
2620 53.6142 7.4 1967 
2621 25.9543 6.5 1967 
2622 59.4536 7.6 1967 
2623 81.1139 8.2 1967 
2624 37.3371 7 1967 
2625 52.925 7.5 1967 
2626 60.7797 7.7 1967 
2627 105.403 8.9 1967 
2628 98.0975 8.8 1968 
2629 83.2648 8.4 1968 
2630 54.4074 7.6 1968 
2631 38.0274 7.2 1968 
2632 102.127 9 1968 
2633 77.4087 8.3 1968 
2634 56.4747 7.8 1968 
2635 74.1273 8.3 1968 
2636 84.3689 8.6 1968 
2637 69.9018 8.2 1968 
2638 38.1285 7.4 1968 
2639 70.9513 8.3 1968 
2640 62.2726 8.1 1969 
2641 83.9946 8.7 1969 
2642 104.82 9.3 1969 
2643 62.6506 8.2 1969 
2644 80.489 8.7 1969 
2645 59.7375 8.2 1969 
2646 45.7982 7.8 1969 
2647 46.5733 7.9 1969 
2648 36.165 7.6 1969 
2649 41.3753 7.8 1969 
2650 37.5063 7.7 1969 
2651 42.86 7.9 1969 
2652 61.3381 8.4 1970 
2653 83.4427 9 1970 
2654 47.5753 8.1 1970 
2655 56.2378 8.3 1970 
2656 80.9318 9 1970 
2657 51.0586 8.2 1970 
2658 58.4199 8.4 1970 
2659 30.2169 7.7 1970 
2660 38.7508 7.9 1970 
2661 20.0229 7.4 1970 
2662 31.7342 7.8 1970 
2663 14.6857 7.2 1970 
2664 25.2781 7.6 1971 
2665 7.51222 7 1971 
2666 -18.7112 6.2 1971 
2667 -3.29182 6.7 1971 
2668 -23.6291 6 1971 
2669 -34.6227 5.6 1971 
2670 9.22757 7.1 1971 
2671 -18.5783 6.2 1971 
2672 -34.3402 5.6 1971 
2673 -32.2584 5.7 1971 
2674 -16.1331 6.3 1971 
2675 10.9354 7.2 1971 
2676 -18.4534 6.2 1972 
2677 19.9999 7.5 1972 
2678 8.39469 7.1 1972 
2679 -15.2699 6.3 1972 
2680 9.30525 7.1 1972 
2681 20.4192 7.4 1972 
2682 4.37075 6.9 1972 
2683 5.35882 7 1972 
2684 -12.4179 6.4 1972 
2685 -15.7608 6.2 1972 
2686 -42.9714 5.2 1972 
2687 -37.3511 5.4 1972 
2688 -39.3017 5.2 1973 
2689 -39.6248 5.2 1973 
2690 -34.5222 5.4 1973 
2691 -17.4958 6 1973 
2692 -38.3474 5.2 1973 
2693 -41.8791 5 1973 
2694 -64.0928 3.9 1973 
2695 -59.9907 4.1 1973 
2696 -11.7749 6.1 1973 
2697 -51.4475 4.4 1973 
2698 -60.1108 3.9 1973 
2699 -60.367 3.9 1973 
2700 -53.5183 4.2 1974 
2701 -54.867 4.1 1974 
2702 -60.5155 3.8 1974 
2703 -33.166 5.1 1974 
2704 -33.6208 5 1974 
2705 -37.6823 4.8 1974 
2706 -9.35273 5.9 1974 
2707 -39.8344 4.6 1974 
2708 -29.8296 5 1974 
2709 -19.1406 5.5 1974 
2710 -49.7695 4 1974 
2711 -55.4186 3.7 1974 
2712 -57.0901 3.5 1975 
2713 -67.086 2.8 1975 
2714 -66.3084 2.8 1975 
2715 -74.9592 1.9 1975 
2716 -69.0406 2.5 1975 
2717 -64.9542 2.8 1975 
2718 -40.802 4.3 1975 
2719 -24.0856 5 1975 
2720 -60.1068 3.1 1975 
2721 -66.4671 2.5 1975 
2722 -51.868 3.6 1975 
2723 -67.9109 2.3 1975 
2724 -67.3972 2.3 1976 
2725 -72.7281 1.7 1976 
2726 -47.5047 3.8 1976 
2727 -51.6279 3.5 1976 
2728 -60.6989 2.9 1976 
2729 -61.0182 2.9 1976 
2730 -76.0868 1.2 1976 
2731 -55.0051 3.3 1976 
2732 -59.2736 3 1976 
2733 -49.7927 3.7 1976 
2734 -71.8627 1.9 1976 
2735 -57.7836 3.2 1976 
2736 -56.6556 3.3 1977 
2737 -47.5785 3.9 1977 
2738 -68.3521 2.5 1977 
2739 -62.876 3 1977 
2740 -55.4499 3.5 1977 
2741 -28.1732 5 1977 
2742 -53.1451 3.7 1977 
2743 -41.4649 4.4 1977 
2744 -22.8317 5.3 1977 
2745 -23.9445 5.3 1977 
2746 -45.3021 4.3 1977 
2747 -26.4033 5.2 1977 
2748 -15.0468 5.7 1978 
2749 42.8689 7.7 1978 
2750 17.6453 6.9 1978 
2751 49.384 7.9 1978 
2752 24.1868 7.2 1978 
2753 40.5554 7.8 1978 
2754 4.49179 6.7 1978 
2755 -14.0021 6 1978 
2756 98.0759 9.3 1978 
2757 78.2277 8.9 1978 
2758 38.3557 7.9 1978 
2759 72.4621 8.8 1978 
2760 133.149 10.3 1979 
2761 90.6193 9.3 1979 
2762 89.8749 9.3 1979 
2763 36.9184 8 1979 
2764 82.1524 9.2 1979 
2765 102.179 9.7 1979 
2766 114.802 10 1979 
2767 89.1225 9.5 1979 
2768 153.244 10.9 1979 
2769 148.568 10.9 1979 
2770 143.099 10.8 1979 
2771 131.838 10.6 1979 
2772 106.988 10.1 1980 
2773 98.9518 9.9 1980 
2774 56.9318 8.9 1980 
2775 109.131 10.2 1980 
2776 130.351 10.7 1980 
2777 97.0948 10 1980 
2778 66.065 9.3 1980 
2779 63.6638 9.3 1980 
2780 90.3935 9.9 1980 
2781 102.956 10.2 1980 
2782 78.0548 9.7 1980 
2783 114.391 10.5 1980 
2784 23.0664 9.5 1981 
2785 55.3836 12.4 1981 
2786 61.1444 11.6 1981 
2787 88.9506 14.9 1981 
2788 57.5039 13.4 1981 
2789 -6.39394 9.5 1981 
2790 66.5585 13 1981 
2791 103.063 13.9 1981 
2792 105.22 18.5 1981 
2793 75.5318 12.1 1981 
2794 44.799 14.2 1981 
2795 53.7227 11.9 1981 
2796 7.70379 10.2 1982 
2797 88.4431 13.6 1982 
2798 78.3412 11.4 1982 
2799 27.2986 8.3 1982 
2800 -23.8841 8.5 1982 
2801 20.3932 11.2 1982 
2802 -3.96918 14 1982 
2803 18.5287 11.8 1982 
2804 24.0868 9.7 1982 
2805 -8.89505 10.4 1982 
2806 -15.5172 18.6 1982 
2807 26.2198 15.4 1982 
2808 -26.9845 8.7 1983 
2809 -69.0308 6.3 1983 
2810 -53.02 7.1 1983 
2811 -31.653 9.7 1983 
2812 -8.23086 9.4 1983 
2813 -8.65471 8.2 1983 
2814 -30.6258 7.3 1983 
2815 -42.8457 8.4 1983 
2816 -68.2157 5.5 1983 
2817 -64.8374 7 1983 
2818 -90.8126 7.3 1983 
2819 -90.0431 5.5 1983 
2820 -59.9307 6.5 1984 
2821 -23.5775 8.1 1984 
2822 -16.0854 8.7 1984 
2823 -41.3565 7.6 1984 
2824 -33.7932 7 1984 
2825 -64.4977 5.4 1984 
2826 -72.7723 5.1 1984 
2827 -92.3194 3.4 1984 
2828 -103.541 3.9 1984 
2829 -112.341 3.8 1984 
2830 -97.2206 4.7 1984 
2831 -101.083 3.9 1984 
2832 -103.43 3.9 1985 
2833 -99.2653 3.8 1985 
2834 -101.791 3.9 1985 
2835 -97.01 3.7 1985 
2836 -83.7247 3.7 1985 
2837 -86.538 3.9 1985 
2838 -73.6526 3.8 1985 
2839 -102.171 3.5 1985 
2840 -106.696 2.4 1985 
2841 -87.73 4.2 1985 
2842 -90.5758 2.6 1985 
2843 -91.436 4.6 1985 
2844 -103.213 2.8 1986 
2845 -76.9095 3.6 1986 
2846 -89.8277 3.8 1986 
2847 -80.07 4.1 1986 
2848 -85.2389 3.6 1986 
2849 -99.6364 2.1 1986 
2850 -81.0648 3.9 1986 
2851 -88.2263 2.3 1986 
2852 -92.0228 3 1986 
2853 -56.0562 4.4 1986 
2854 -79.8284 4.3 1986 
2855 -88.5412 2.8 1986 
2856 -83.6962 2.7 1987 
2857 -89.295 2.6 1987 
2858 -74.539 3 1987 
2859 -45.2295 4.4 1987 
2860 -51.4679 3.5 1987 
2861 -71.1551 3.5 1987 
2862 -51.1922 4.3 1987 
2863 -40.9801 3.3 1987 
2864 -46.2195 3.5 1987 
2865 -24.611 4.8 1987 
2866 -38.8553 5.1 1987 
2867 -58.2526 3.2 1987 
2868 -16.6033 5.5 1988 
2869 -41.5074 4.6 1988 
2870 4.43501 5.7 1988 
2871 22.124 6.7 1988 
2872 -12.44 6.1 1988 
2873 37.6431 8.3 1988 
2874 44.674 9.6 1988 
2875 52.5533 9 1988 
2876 55.6816 9.4 1988 
2877 69.2599 9.7 1988 
2878 69.2891 8.9 1988 
2879 143.37 13.5 1988 
2880 121.905 15 1989 
2881 120.094 12.7 1989 
2882 81.3384 10.2 1989 
2883 76.7407 9.7 1989 
2884 105.302 10.6 1989 
2885 193.824 15.5 1989 
2886 89.209 10.2 1989 
2887 140.058 13.5 1989 
2888 132.474 14.9 1989 
2889 118.858 11.2 1989 
2890 144.113 15.2 1989 
2891 116.541 13.5 1989 
2892 131.744 13.6 1990 
2893 75.3244 11.3 1990 
2894 94.3847 11 1990 
2895 91.5272 10.1 1990 
2896 76.1545 10 1990 
2897 53.369 9.1 1990 
2898 90.2732 9.8 1990 
2899 150.37 12.8 1990 
2900 66.4612 9.2 1990 
2901 95.8501 12.6 1990 
2902 74.3391 12.3 1990 
2903 91.7307 12.6 1990 
2904 89.0275 14.5 1991 
2905 133.132 13.9 1991 
2906 88.9471 11.8 1991 
2907 88.675 11.9 1991 
2908 57.1182 9.9 1991 
2909 114.079 12.9 1991 
2910 128.76 13.7 1991 
2911 128.564 14.3 1991 
2912 55.8929 11.3 1991 
2913 83.3488 13.2 1991 
2914 45.0339 10.1 1991 
2915 97.4506 14.1 1991 
2916 82.5006 12.9 1992 
2917 114.286 14.5 1992 
2918 34.009 9.2 1992 
2919 24.6709 9.5 1992 
2920 -23.7265 7.7 1992 
2921 -19.9815 6.6 1992 
2922 -4.69271 7.7 1992 
2923 -27.3587 6.7 1992 
2924 -25.5782 5.5 1992 
2925 13.5499 8.2 1992 
2926 9.52661 8.2 1992 
2927 1.75293 8.4 1992 
2928 -38.9704 5.9 1993 
2929 7.35734 8.3 1993 
2930 -18.0634 6.6 1993 
2931 -26.032 6.7 1993 
2932 -41.5484 5.7 1993 
2933 -50.6123 5.4 1993 
2934 -39.6237 5.4 1993 
2935 -57.2828 5 1993 
2936 -88.2896 4.5 1993 
2937 -48.0446 5.5 1993 
2938 -70.5483 4.4 1993 
2939 -49.9013 5.9 1993 
2940 -32.9043 6.6 1994 
2941 -62.3582 4.8 1994 
2942 -69.1639 4.1 1994 
2943 -88.6227 3.9 1994 
2944 -85.5357 4.1 1994 
2945 -74.9042 5 1994 
2946 -63.2298 4.3 1994 
2947 -78.714 3.2 1994 
2948 -71.6585 4.1 1994 
2949 -44.1651 4.2 1994 
2950 -80.8356 4.7 1994 
2951 -77.1721 3.5 1994 
2952 -75.7766 5.3 1995 
2953 -61.5513 3.9 1995 
2954 -59.9984 3.8 1995 
2955 -83.6202 3.6 1995 
2956 -84.7191 2.8 1995 
2957 -80.4977 3.8 1995 
2958 -81.4583 3.1 1995 
2959 -82.5035 3.6 1995 
2960 -83.836 3 1995 
2961 -67.7584 3.7 1995 
2962 -83.1735 3.7 1995 
2963 -81.0839 3.6 1995 
2964 -81.4923 3.4 1996 
2965 -85.9017 3.4 1996 
2966 -79.8146 3.1 1996 
2967 -84.4339 2.5 1996 
2968 -82.4624 3.1 1996 
2969 -72.4028 2.9 1996 
2970 -75.9579 2.6 1996 
2971 -66.9304 3.5 1996 
2972 -82.5229 2.5 1996 
2973 -83.7383 2.1 1996 
2974 -58.4789 4.4 1996 
2975 -68.3476 2.9 1996 
2976 -73.9466 3.2 1997 
2977 -69.3786 2.9 1997 
2978 -67.3458 2.4 1997 
2979 -55.5507 3.3 1997 
2980 -52.2953 2.8 1997 
2981 -56.0819 2.5 1997 
2982 -63.2125 4.2 1997 
2983 -39.6891 3.8 1997 
2984 -15.0136 4.8 1997 
2985 -41.2876 3.6 1997 
2986 -23.1128 4.7 1997 
2987 -17.4908 4.6 1997 
2988 -28.0229 4.6 1998 
2989 -21.9104 4.6 1998 
2990 10.2454 5.9 1998 
2991 -0.856388 7.2 1998 
2992 2.78331 4.8 1998 
2993 19.4637 6 1998 
2994 25.7843 6.3 1998 
2995 50.2444 7.4 1998 
2996 61.1439 8.6 1998 
2997 7.58241 6.6 1998 
2998 26.26 6.8 1998 
2999 47.9768 9.4 1998 
3000 14.5329 7.6 1999 
3001 26.2289 7.6 1999 
3002 31.3651 6.8 1999 
3003 21.0424 7.5 1999 
3004 76.5616 8.5 1999 
3005 133.624 10.5 1999 
3006 99.3296 9.3 1999 
3007 67.4808 12.9 1999 
3008 30.7786 6.5 1999 
3009 92.4246 10.4 1999 
3010 111.22 12.3 1999 
3011 38.868 9.3 1999 
3012 54.2691 10.4 2000 
3013 85.9259 10.4 2000 
3014 136.94 11.9 2000 
3015 109.715 10.2 2000 
3016 83.0526 10.1 2000 
3017 104.055 8.8 2000 
3018 159.225 12 2000 
3019 94.2658 9.4 2000 
3020 68.5796 11.2 2000 
3021 52.9695 8 2000 
3022 68.2386 8.9 2000 
3023 52.1898 8.7 2000 
3024 50.2264 9.2 2001 
3025 27.8514 8.1 2001 
3026 70.8681 11.9 2001 
3027 65.4797 9.4 2001 
3028 44.5897 8.3 2001 
3029 104.101 10.8 2001 
3030 22.9181 8.4 2001 
3031 60.1433 9.3 2001 
3032 135.58 12.1 2001 
3033 90.2326 11.3 2001 
3034 71.5036 13.3 2001 
3035 107.097 12.5 2001 
3036 77.1153 11.7 2002 
3037 61.5626 11.3 2002 
3038 37.3422 9.1 2002 
3039 76.0572 9.8 2002 
3040 75.6108 9.7 2002 
3041 15.9063 7.7 2002 
3042 47.1468 11 2002 
3043 60.8352 9.8 2002 
3044 72.2747 10.1 2002 
3045 34.768 8 2002 
3046 30.0179 8.2 2002 
3047 17.4272 10 2002 
3048 14.9984 7.4 2003 
3049 -43.366 5.7 2003 
3050 -18.8636 7.5 2003 
3051 -22.0922 6.4 2003 
3052 -33.5497 6.6 2003 
3053 -1.93403 7.9 2003 
3054 7.45658 7.9 2003 
3055 -5.57616 7.3 2003 
3056 -42.5307 5.8 2003 
3057 -23.2056 8.8 2003 
3058 -37.9996 6.3 2003 
3059 -48.5117 5.3 2003 
3060 -59.8408 5.2 2004 
3061 -45.4864 6 2004 
3062 -44.8476 5.1 2004 
3063 -59.9242 5.1 2004 
3064 -45.7159 5.7 2004 
3065 -51.3225 6.8 2004 
3066 -33.2442 8.8 2004 
3067 -46.4812 5.5 2004 
3068 -66.434 5.3 2004 
3069 -40.0032 5.5 2004 
3070 -42.9895 5.4 2004 
3071 -82.994 3.4 2004 
3072 -62.5177 4.6 2005 
3073 -65.762 4.3 2005 
3074 -68.2284 3.8 2005 
3075 -67.6184 3.8 2005 
3076 -42.834 5.7 2005 
3077 -46.277 5.3 2005 
3078 -38.9496 6.1 2005 
3079 -39.0541 5.3 2005 
3080 -60.4929 4.5 2005 
3081 -82.5686 3.4 2005 
3082 -66.2839 4.1 2005 
3083 -32.4418 3.9 2005 
3084 -68.745 3.4 2006 
3085 -81.7969 3.7 2006 
3086 -68.0007 4.2 2006 
3087 -32.7596 5.1 2006 
3088 -43.5772 3.9 2006 
3089 -53.957 3.3 2006 
3090 -53.9027 2.4 2006 
3091 -52.9181 2.5 2006 
3092 -47.607 3 2006 
3093 -53.9732 2.4 2006 
3094 -30.7208 3.5 2006 
3095 -41.6537 3.5 2006 
3096 -32.1762 2.8 2007 
3097 -40.5922 2.7 2007 
3098 -49.3059 2.8 2007 
3099 -48.6216 2.4 2007 
3100 -32.0434 3.3 2007 
3101 -27.7755 3.4 2007 
3102 -31.5222 1.9 2007 
3103 -34.3876 2.2 2007 
3104 -37.776 2.1 2007 
3105 -37.8914 2.4 2007 
3106 -34.2381 2.5 2007 
3107 -17.4201 3.1 2007 
3108 -28.3414 2.8 2008 
3109 -27.306 2.4 2008 
3110 -12.5179 2.7 2008 
3111 -22.2808 2.3 2008 
3112 -19.1986 3.2 2008 
3113 -16.5748 2.3 2008 
3114 -19.2132 2 2008 
3115 -17.617 2 2008 
3116 -14.8897 2.4 2008 
3117 -10.1346 2.9 2008 
3118 -6.05462 2.4 2008 
3119 -10.0529 2 2008 
3120 -8.23216 2 2009 
3121 -6.89516 2.2 2009 
3122 -6.14443 2 2009 
3123 -4.28235 2.2 2009 
3124 -1.41114 2.4 2009 
3125 3.06713 2.7 2009 
3126 3.25058 2.6 2009 
3127 -1.36251 2 2009 
3128 6.52633 2.2 2009 
3129 7.81573 2.7 2009 
3130 7.60454 3.2 2009 
3131 17.4918 3.5 2009 
3132 21.0766 2.5 2010 
3133 30.3584 2.7 2010 
3134 26.0369 3.6 2010 
3135 12.5118 3.3 2010 
3136 15.983 3.4 2010 
3137 20.7507 3 2010 
3138 26.9154 3.4 2010 
3139 30.9776 3.4 2010 
3140 37.3379 4 2010 
3141 33.9975 3.9 2010 
3142 34.1574 3.7 2010 
3143 23.5189 3.6 2010 
3144 25.4836 3.1 2011 
3145 45.5532 5.1 2011 
3146 74.8296 6.9 2011 
3147 71.2147 6.2 2011 
3148 52.1109 5 2011 
3149 48.7206 5 2011 
3150 55.7462 4.8 2011 
3151 55.5906 5.6 2011 
3152 108.357 8.8 2011 
3153 112.347 9 2011 
3154 124.066 9.9 2011 
3155 92.5153 8.4 2011 
3156 75.7994 7.1 2012 
3157 27.3216 4.4 2012 
3158 64.1857 7.3 2012 
3159 61.4952 6.9 2012 
3160 70.0543 7.2 2012 
3161 63.4668 6.5 2012 
3162 69.4368 7.3 2012 
3163 61.9684 6.5 2012 
3164 58.6659 8.1 2012 
3165 39.2335 5.1 2012 
3166 48.0756 6.5 2012 
3167 14.9966 5.1 2012 
3168 52.0007 6.3 2013 
3169 14.4926 4.4 2013 
3170 29.5765 6.1 2013 
3171 56.2571 6.8 2013 
3172 66.8387 8.2 2013 
3173 21.0257 5.2 2013 
3174 28.2227 6.7 2013 
3175 31.5341 6.6 2013 
3176 -8.03586 5.3 2013 
3177 49.6172 8.2 2013 
3178 46.8976 8.2 2013 
3179 55.0095 9.1 2013 
3180 45.6571 8.2 2014 
3181 72.6444 10.7 2014 
3182 53.1755 8.6 2014 
3183 34.9541 6.9 2014 
3184 32.9841 7.5 2014 
3185 21.4692 7.7 2014 
3186 16.9128 7.4 2014 
3187 21.8186 7.6 2014 
3188 43.1897 8.7 2014 
3189 1.52926 6.9 2014 
3190 13.5404 8.5 2014 
3191 21.326 7.4 2014 
3192 -0.0112788 7.5 2015 
3193 -27.6688 5.3 2015 
3194 -41.1443 4.8 2015 
3195 -21.5355 8.2 2015 
3196 -9.14021 8.6 2015 
3197 -32.4567 6.3 2015 
3198 -34.0833 5.7 2015 
3199 -36.3184 5.2 2015 
3200 -22.8607 6.4 2015 
3201 -38.5091 5.4 2015 
3202 -40.4626 5.2 2015 
3203 -45.1206 5.4 2015 
3204 -46.4824 4.7 2016 
3205 -47.3477 5.1 2016 
3206 -49.8164 4.9 2016 
3207 -66.0884 3.5 2016 
3208 -52.4641 4.7 2016 
3209 -83.3438 2 2016 
3210 -71.2281 3.8 2016 
3211 -53.1179 4.5 2016 
3212 -58.3142 3.8 2016 
3213 -69.0182 3.1 2016 
3214 -80.4312 2.6 2016 
3215 -82.6548 2.4 2016 
3216 -74.2908 2.5 2017 
3217 -73.141 3.7 2017 
3218 -80.9076 2.6 2017 
3219 -65.2927 3.7 2017 
3220 -77.5988 1.8 2017 
3221 -76.1286 1.4 2017 
3222 -76.2845 2.6 2017 
3223 -60.1697 2.9 2017 
3224 -47.6869 4.1 2017 
3225 -76.7395 1 2017 
3226 -82.7305 0.5 2017 
3227 -78.6634 1.2 2017 
3228 -78.4418 1.5 2018 
3229 -72.869 1.1 2018 
3230 -79.3489 0.4 2018 
3231 -71.1853 1.3 2018 
3232 -65.1819 1.6 2018 
3233 -60.8427 1.6 2018 
3234 -72.9716 0.6 2018 
3235 -63.9728 1 2018 
3236 -67.4503 0.6 2018 
3237 -63.9082 1.2 2018 
3238 -61.9507 0.6 2018 
3239 -61.7819 0.5 2018 
3240 -55.2061 0.8 2019 
3241 -60.1275 0.1 2019 
3242 -49.5501 1 2019 
3243 -47.8783 0.7 2019 
3244 -45.1161 0.7 2019 
3245 -51.8677 0.7 2019 
3246 -50.2371 0.2 2019 
3247 -48.7284 0.1 2019 
3248 -46.2456 0.3 2019 
3249 -45.0925 0.1 2019 
3250 -43.173 0.1 2019 
3251 -40.3908 0.5 2019 
3252 -33.9496 0.7 2020 
3253 -38.253 0.1 2020 
3254 -35.3045 0.1 2020 
3255 -30.0074 0.6 2020 
3256 -33.4649 0.1 2020 
3257 -26.3802 0.6 2020 
3258 -24.4562 0.5 2020 
3259 -21.7958 1.3 2020 
3260 -27.4017 0.3 2020 
