0 26.6845 
1 57.4888 
2 97.2469 
3 109.705 
4 167.722 
5 219.97 
6 287.831 
7 305.103 
8 335.394 
9 362.123 
10 524.622 
11 562.235 
12 577.614 
13 595.025 
14 632.541 
15 666.646 
16 701.831 
17 752.196 
18 776.849 
19 829.802 
20 862.176 
21 851.394 
22 836.183 
23 840.975 
24 836.802 
25 788.697 
26 744.094 
27 718.725 
28 701.52 
29 668.806 
30 663.507 
31 649.038 
32 575.912 
33 504.333 
34 443.796 
35 411.489 
36 366.786 
37 349.855 
38 370.85 
39 375.411 
40 383.868 
41 362.135 
42 408.513 
43 376.489 
44 344.431 
45 348.497 
46 341.226 
47 341.642 
48 352.352 
49 346.749 
50 367.709 
51 379.392 
52 391.346 
53 399.599 
54 395.169 
55 422.357 
56 434.451 
57 444.629 
58 449.353 
59 434.777 
60 411.642 
61 395.982 
62 380.42 
63 386.974 
64 407.154 
65 439.063 
66 459.303 
67 470.069 
68 475.156 
69 507.658 
70 522.666 
71 523.175 
72 533.98 
73 546.579 
74 551.674 
75 555.972 
76 548.986 
77 541.333 
78 547.139 
79 542.939 
80 561.973 
81 589.493 
82 587.359 
83 605.64 
84 609.718 
85 602.983 
86 591.536 
87 584.789 
88 581.065 
89 575.897 
90 553.03 
91 532.616 
92 518.921 
93 507.018 
94 497.291 
95 472.632 
96 453.443 
97 443.73 
98 440.111 
99 440.508 
100 452.149 
101 419.369 
102 404.807 
103 431.906 
104 437.611 
105 429.273 
106 472.542 
107 461.87 
108 456.213 
109 472.722 
110 482.451 
111 529.253 
112 531.179 
113 529.177 
114 523.896 
115 508.28 
116 530.871 
117 510.607 
118 497.826 
119 483.659 
120 476.936 
121 461.683 
122 449.824 
123 436.978 
124 426.264 
125 415.896 
126 405.987 
127 428.648 
128 459.989 
129 460.917 
130 438.341 
131 432.369 
132 442.409 
133 438.27 
134 458.263 
135 449.801 
136 462.999 
137 435.576 
138 436.554 
139 452.46 
140 443.525 
141 415.684 
142 402.079 
143 389.759 
144 391.576 
145 427.591 
146 445.67 
147 448.088 
148 509.125 
149 556.468 
150 594.711 
151 627.657 
152 676.414 
153 705.094 
154 735.52 
155 693.317 
156 647.717 
157 650.856 
158 609.475 
159 592.918 
160 543.432 
161 556.966 
162 499.472 
163 499.801 
164 503.005 
165 509.133 
166 531.234 
167 554.253 
168 544.832 
169 496.609 
170 454.514 
171 412.672 
172 373.1 
173 341.408 
174 343.096 
175 301.554 
176 332.26 
177 329.684 
178 354.48 
179 383.193 
180 412.251 
181 444.472 
182 447.358 
183 443.697 
184 459.662 
185 454.911 
186 453.189 
187 454.425 
188 455.531 
189 459.11 
190 461.944 
191 466.807 
192 471.255 
193 481.234 
194 491.675 
195 498.999 
196 505.016 
197 512.125 
198 532.215 
199 557.867 
200 561.554 
201 562.444 
202 563.697 
203 563.469 
204 561.414 
205 557.282 
206 595.223 
207 581.285 
208 600.919 
209 579.476 
210 556.914 
211 533.69 
212 508.87 
213 482.825 
214 455.434 
215 447.785 
216 450.872 
217 455.104 
218 477.696 
219 479.878 
220 473.291 
221 468.689 
222 441.141 
223 441.027 
224 439.944 
225 436.904 
226 447.233 
227 450.772 
228 450.279 
229 466.326 
230 444.903 
231 413.013 
232 434.976 
233 452.027 
234 423.417 
235 414.11 
236 413.986 
237 414.738 
238 432.775 
239 482.217 
240 464.796 
241 427.56 
242 387.065 
243 397.28 
244 365.882 
245 366.16 
246 404.112 
247 442.343 
248 525.767 
249 622.802 
250 701.076 
251 717.619 
252 719.369 
253 784.165 
254 744.051 
255 654.772 
256 596.876 
257 560.811 
258 569.025 
259 605.068 
260 605.185 
261 604.823 
262 653.124 
263 652.927 
264 543.768 
265 453.378 
266 365.783 
267 310.803 
268 404.553 
269 445.639 
270 403.16 
271 348.408 
272 368.366 
273 372.706 
274 396.792 
275 417.879 
276 451.508 
277 472.211 
278 397.508 
279 428.907 
280 374.202 
281 355.576 
282 375.197 
283 364.221 
284 348.289 
285 383.728 
286 394.949 
287 415.249 
288 424.412 
289 395.403 
290 407.874 
291 394.261 
292 398.685 
293 386.149 
294 376.644 
295 346.143 
296 347.105 
297 346.772 
298 374.373 
299 409.121 
300 453.017 
301 530.846 
302 595.181 
303 642.18 
304 703.891 
305 729.549 
306 738.581 
307 730.801 
308 726.313 
309 732.717 
310 745.802 
311 749.851 
312 740.743 
313 723.853 
314 725.452 
315 725.309 
316 711.494 
317 709.875 
318 687.325 
319 673.817 
320 649.632 
321 626.355 
322 615.577 
323 589.101 
324 581.636 
325 553.005 
326 511.043 
327 490.097 
328 446.53 
329 410.721 
330 339.466 
331 301.181 
332 243.497 
333 203.17 
334 165.072 
335 129.201 
336 95.3759 
337 41.037 
338 -15.4501 
339 15.9034 
340 15.5104 
341 9.50814 
342 21.0583 
343 54.8468 
344 89.5838 
345 102.203 
346 174.863 
347 260.843 
348 374.747 
349 370.201 
350 401.849 
351 447.258 
352 644.813 
353 726.117 
354 772.69 
355 794.168 
356 865.5 
357 908.449 
358 939.089 
359 892.304 
360 860.186 
361 911.933 
362 883.45 
363 899.644 
364 907.523 
365 872.097 
366 886.372 
367 850.352 
368 814.337 
369 802.117 
370 775.678 
371 745.392 
372 651.723 
373 608.221 
374 568.62 
375 528.242 
376 512.789 
377 470.148 
378 429.185 
379 393.546 
380 376.357 
381 337.022 
382 275.323 
383 217.519 
384 232.645 
385 214.113 
386 165.81 
387 149.5 
388 200.421 
389 246.188 
390 258.192 
391 264.2 
392 251.655 
393 205.977 
394 232.764 
395 212.692 
396 229.914 
397 225.465 
398 225.86 
399 238.294 
400 278.145 
401 295.775 
402 316.528 
403 353.336 
404 377.717 
405 387.976 
406 415.609 
407 443.999 
408 472.023 
409 520.451 
410 551.146 
411 586.466 
412 614.467 
413 647.401 
414 692.92 
415 718.576 
416 741.123 
417 746.816 
418 763.716 
419 772.285 
420 783.893 
421 785.618 
422 790.542 
423 791.759 
424 783.87 
425 778.287 
426 764.733 
427 754.641 
428 741.059 
429 720.345 
430 710.673 
431 691.828 
432 656.11 
433 618.336 
434 577.535 
435 543.052 
436 511.849 
437 484.801 
438 469.201 
439 421.058 
440 387.495 
441 373.853 
442 342.987 
443 285.07 
444 238.089 
445 202.848 
446 162.266 
447 178.976 
448 201.728 
449 163.586 
450 160.128 
451 162.646 
452 196.346 
453 226.448 
454 257.784 
455 278.898 
456 332.147 
457 333.198 
458 299.03 
459 327.133 
460 364.104 
461 338.052 
462 356.593 
463 387.35 
464 448.656 
465 506.747 
466 536.466 
467 618.163 
468 637.889 
469 641.199 
470 666.554 
471 632.713 
472 605.437 
473 646.189 
474 665.33 
475 675.22 
476 693.518 
477 713.878 
478 655.952 
479 656.886 
480 633.124 
481 629.499 
482 618.642 
483 615.075 
484 613.81 
485 608.953 
486 601.499 
487 573.333 
488 562.931 
489 518.256 
490 550.46 
491 588.385 
492 575.557 
493 606.994 
494 589.997 
495 572.856 
496 557.748 
497 543.135 
498 496.168 
499 482.582 
500 456.702 
501 446.437 
502 436.285 
503 416.63 
504 398.746 
505 366.792 
506 358.619 
507 359.566 
508 358.26 
509 344.721 
510 345.957 
511 303.972 
512 304.358 
513 299.903 
514 307.387 
515 316.088 
516 314.276 
517 325.121 
518 336.787 
519 372.04 
520 386.642 
521 401.757 
522 393.45 
523 410.686 
524 427.936 
525 446.771 
526 463.768 
527 480.409 
528 498.281 
529 515.678 
530 534.9 
531 550.856 
532 566.56 
533 580.837 
534 594.12 
535 573.551 
536 544.781 
537 554.869 
538 560.486 
539 569.51 
540 577.83 
541 584.944 
542 582.558 
543 564.688 
544 592.858 
545 598 
546 602.852 
547 606.763 
548 563.184 
549 549.375 
550 601.2 
551 627.328 
552 604.432 
553 613.388 
554 577.973 
555 553.767 
556 551.551 
557 527.505 
558 497.908 
559 491.138 
560 465.671 
561 451.878 
562 449.028 
563 436.284 
564 432.103 
565 432.838 
566 422.034 
567 439.829 
568 441.854 
569 422.13 
570 438.073 
571 413.786 
572 419.766 
573 415.399 
574 408.763 
575 398.625 
576 405.943 
577 398.167 
578 391.936 
579 387.48 
580 390.221 
581 400.871 
582 401.737 
583 406.815 
584 412.695 
585 421.761 
586 430.089 
587 434.653 
588 438.318 
589 446.047 
590 468.301 
591 472.034 
592 474.202 
593 476.458 
594 478.654 
595 485.645 
596 491.282 
597 494.923 
598 516.224 
599 532.448 
600 533.958 
601 552.724 
602 585.521 
603 594.826 
604 602.427 
605 612.515 
606 606.789 
607 595.856 
608 583.129 
609 576.231 
610 564.192 
611 559.949 
612 550.85 
613 543.65 
614 542.012 
615 515.009 
616 494.121 
617 502.236 
618 503.651 
619 500.371 
620 481.608 
621 461.981 
622 437.216 
623 459.645 
624 458.208 
625 458.049 
626 457.618 
627 456.969 
628 456.061 
629 452.058 
630 452.626 
631 457.733 
632 452.553 
633 444.359 
634 446.727 
635 461.734 
636 474.857 
637 485.374 
638 484.465 
639 484.506 
640 486.875 
641 491.748 
642 499.102 
643 509.01 
644 521.244 
645 510.777 
646 493.075 
647 500.708 
648 507.94 
649 516.235 
650 488.754 
651 453.556 
652 450.299 
653 433.138 
654 436.427 
655 416.019 
656 414.365 
657 427.812 
658 435.91 
659 439.206 
660 438.245 
661 442.573 
662 446.735 
663 455.574 
664 436.235 
665 419.662 
666 395.298 
667 393.587 
668 408.974 
669 440.503 
670 470.618 
671 499.765 
672 531.389 
673 535.637 
674 552.955 
675 547.99 
676 546.49 
677 548.502 
678 546.773 
679 554.651 
680 566.484 
681 554.52 
682 563.105 
683 568.485 
684 576.406 
685 570.011 
686 570.245 
687 563.647 
688 556.357 
689 549.313 
690 551.15 
691 548.399 
692 543.492 
693 545.253 
694 545.407 
695 545.573 
696 527.468 
697 511.402 
698 492.786 
699 499.621 
700 485.209 
701 475.844 
702 469.418 
703 463.515 
704 448.819 
705 439.607 
706 423.051 
707 403.821 
708 386.179 
709 377.587 
710 363 
711 370.371 
712 381.148 
713 393.276 
714 395.398 
715 400.854 
716 413.679 
717 415.908 
718 428.874 
719 445.808 
720 455.139 
721 468.596 
722 469.007 
723 472.8 
724 476.302 
725 489.841 
726 491.548 
727 493.451 
728 496.082 
729 498.274 
730 500.661 
731 503.181 
732 505.772 
733 508.376 
734 510.938 
735 513.406 
736 515.728 
737 517.858 
738 519.753 
739 521.371 
740 522.676 
741 523.633 
742 524.211 
743 524.38 
744 524.115 
745 523.394 
746 522.196 
747 520.502 
748 518.296 
749 515.565 
750 523.296 
751 519.478 
752 519.101 
753 524.356 
754 520.135 
755 515.83 
756 527.933 
757 523.836 
758 517.131 
759 508.609 
760 501.159 
761 493.572 
762 483.934 
763 498.831 
764 495.749 
765 489.77 
766 489.776 
767 492.644 
768 477.952 
769 479.675 
770 466.587 
771 477.157 
772 468.355 
773 468.148 
774 478.801 
775 471.98 
776 475.645 
777 499.06 
778 502.884 
779 501.577 
780 512.3 
781 504.811 
782 485.572 
783 495.242 
784 473.582 
785 465.657 
786 462.33 
787 430.569 
788 407.041 
789 400.721 
790 384.881 
791 376.801 
792 365.664 
793 374.656 
794 372.068 
795 376.897 
796 343.743 
797 385.911 
798 392.515 
799 417.072 
800 413.903 
801 412.54 
802 415.916 
803 464.172 
804 446.555 
805 498.52 
806 557.323 
807 590.13 
808 597.612 
809 602.943 
810 599.305 
811 568.784 
812 578.47 
813 601.758 
814 593.947 
815 571.939 
816 560.44 
817 584.457 
818 672.102 
819 643.386 
820 606.023 
821 600.228 
822 611.316 
823 614.499 
824 604.393 
825 576.41 
826 554.66 
827 532.851 
828 522.789 
829 493.077 
830 469.512 
831 462.29 
832 487.399 
833 486.225 
834 472.546 
835 466.238 
836 452.367 
837 449.595 
838 414.076 
839 405.06 
840 409.587 
841 395.892 
842 355.802 
843 345.038 
844 335.112 
845 352.831 
846 366.693 
847 373.491 
848 363.511 
849 376.529 
850 387.32 
851 409.05 
852 413.678 
853 432.46 
854 416.045 
855 426.079 
856 454.301 
857 453.048 
858 469.452 
859 496.243 
860 489.847 
861 490.987 
862 491.586 
863 495.164 
864 520.64 
865 518.033 
866 518.761 
867 525.943 
868 521.396 
869 517.642 
870 515.701 
871 517.895 
872 519.749 
873 545.99 
874 548.346 
875 543.95 
876 539.235 
877 536.04 
878 558.206 
879 575.076 
880 572.498 
881 576.623 
882 584.406 
883 582.104 
884 576.078 
885 570.294 
886 563.519 
887 556.323 
888 548.68 
889 540.567 
890 532.963 
891 523.848 
892 514.206 
893 504.022 
894 494.082 
895 482.773 
896 470.885 
897 458.405 
898 445.323 
899 465.627 
900 487.306 
901 490.349 
902 474.74 
903 490.766 
904 478.409 
905 460.753 
906 442.374 
907 425.552 
908 439.958 
909 461.266 
910 439.742 
911 418.752 
912 403.857 
913 405.515 
914 417.681 
915 397.607 
916 396.039 
917 393.123 
918 414.898 
919 426.704 
920 420.575 
921 412.843 
922 397.238 
923 397.186 
924 388.214 
925 378.344 
926 397.8 
927 394.103 
928 402.375 
929 416.437 
930 454.211 
931 468.321 
932 445.792 
933 473.75 
934 480.727 
935 533.055 
936 526.973 
937 539.622 
938 566.95 
939 572.01 
940 591.462 
941 608.771 
942 599.313 
943 606.068 
944 603.229 
945 608.493 
946 597.871 
947 580.88 
948 572.351 
949 580.422 
950 587.044 
951 584.479 
952 626.099 
953 680.089 
954 658.743 
955 672.069 
956 639.884 
957 612.918 
958 588.01 
959 544.513 
960 492.986 
961 450.8 
962 445.737 
963 477.485 
964 462.341 
965 457.512 
966 480.608 
967 481.348 
968 440.853 
969 407.953 
970 392.976 
971 360.155 
972 321.225 
973 316.618 
974 334.368 
975 390.104 
976 380.953 
977 371.839 
978 329.876 
979 301.875 
980 295.436 
981 329.15 
982 360.8 
983 397.152 
984 379.165 
985 369.38 
986 435.524 
987 440.609 
988 422.129 
989 399.86 
990 401.461 
991 423.371 
992 421.009 
993 436.674 
994 451.845 
995 446.878 
996 449.11 
997 496.356 
998 546.71 
999 553.643 
1000 588.208 
1001 601.735 
1002 597.235 
1003 587.2 
1004 578.802 
1005 594.396 
1006 600.819 
1007 631.192 
1008 636.122 
1009 648.602 
1010 656.811 
1011 650.719 
1012 661.885 
1013 653.262 
1014 654.193 
1015 652.319 
1016 659.177 
1017 657.804 
1018 651.934 
1019 650.707 
1020 638.564 
1021 645.454 
1022 625.531 
1023 597.962 
1024 578.921 
1025 553.996 
1026 525.891 
1027 485.224 
1028 452.13 
1029 435.864 
1030 423.7 
1031 412.433 
1032 350.182 
1033 310.187 
1034 256.013 
1035 265.252 
1036 238.318 
1037 187.553 
1038 174.726 
1039 154.33 
1040 196.987 
1041 223.845 
1042 252.478 
1043 237.486 
1044 234.694 
1045 257.753 
1046 259.338 
1047 329.645 
1048 342.296 
1049 372.03 
1050 383.609 
1051 375.612 
1052 342.235 
1053 375.29 
1054 377.303 
1055 518.312 
1056 625.967 
1057 710.225 
1058 723.95 
1059 741.814 
1060 713.989 
1061 762.352 
1062 817.777 
1063 825.139 
1064 769.408 
1065 759.849 
1066 723.219 
1067 725.369 
1068 754.338 
1069 684.854 
1070 710.633 
1071 715.378 
1072 741.074 
1073 697.894 
1074 680.69 
1075 617.801 
1076 549.943 
1077 514.716 
1078 461.2 
1079 415.557 
1080 417.226 
1081 418.23 
1082 382.469 
1083 324.728 
1084 258.368 
1085 198.334 
1086 193.154 
1087 270.236 
1088 354.374 
1089 373.643 
1090 360.806 
1091 344.109 
1092 361.188 
1093 393.465 
1094 396.951 
1095 401.648 
1096 416.149 
1097 400.239 
1098 408.397 
1099 415.796 
1100 453.807 
1101 463.794 
1102 475.923 
1103 490.455 
1104 458.754 
1105 439.883 
1106 423.606 
1107 427.391 
1108 479.307 
1109 514.128 
1110 509.929 
1111 521.992 
1112 531.703 
1113 529.953 
1114 515.635 
1115 535.051 
1116 525.406 
1117 520.208 
1118 515.972 
1119 521.915 
1120 525.761 
1121 523.733 
1122 509.76 
1123 520.372 
1124 518.302 
1125 550.181 
1126 587.043 
1127 586.622 
1128 579.948 
1129 557.753 
1130 544.264 
1131 533.306 
1132 542.2 
1133 534.062 
1134 524.605 
1135 519.135 
1136 501.151 
1137 485.249 
1138 492.116 
1139 488.331 
1140 478.769 
1141 477.596 
1142 473.871 
1143 481.545 
1144 472.964 
1145 450.367 
1146 455.584 
1147 463.944 
1148 442.665 
1149 443.966 
1150 425.358 
1151 422.751 
1152 424.652 
1153 454.067 
1154 480.101 
1155 526.161 
1156 553.856 
1157 550.396 
1158 542.697 
1159 534.28 
1160 517.474 
1161 515.213 
1162 506.742 
1163 527.817 
1164 509.602 
1165 507.176 
1166 521.732 
1167 540.577 
1168 539.03 
1169 541.132 
1170 507.437 
1171 482.617 
1172 540.162 
1173 507.583 
1174 477.307 
1175 450.682 
1176 414.573 
1177 344.267 
1178 337.468 
1179 257.799 
1180 224.901 
1181 204.334 
1182 124.674 
1183 188.414 
1184 282.461 
1185 405.538 
1186 456.381 
1187 455.437 
1188 534.466 
1189 532.335 
1190 522.921 
1191 509.106 
1192 485.68 
1193 505.434 
1194 541.362 
1195 565.558 
1196 535.814 
1197 559.322 
1198 553.468 
1199 622.933 
1200 725.689 
1201 781.501 
1202 771.024 
1203 774.103 
1204 737.468 
1205 703.838 
1206 666.417 
1207 611.793 
1208 609.14 
1209 566.914 
1210 580.055 
1211 592.286 
1212 571.511 
1213 575.519 
1214 569.781 
1215 494.348 
1216 455.458 
1217 435.931 
1218 361.071 
1219 332.268 
1220 353.496 
1221 349.217 
1222 317.38 
1223 300.525 
1224 314.377 
1225 387.857 
1226 386.977 
1227 373.441 
1228 374.25 
1229 378.8 
1230 334.487 
1231 333.003 
1232 353.742 
1233 366.501 
1234 359.479 
1235 393.178 
1236 423.205 
1237 451.377 
1238 471.314 
1239 501.046 
1240 512.412 
1241 510.059 
1242 500.247 
1243 487.242 
1244 471.624 
1245 514.182 
1246 533.416 
1247 537.138 
1248 534.167 
1249 536.336 
1250 530.183 
1251 544.457 
1252 535.916 
1253 539.221 
1254 555.544 
1255 582.357 
1256 579.039 
1257 594.57 
1258 586.432 
1259 570.307 
1260 541.273 
1261 523.308 
1262 509.184 
1263 508.467 
1264 505.617 
1265 499.883 
1266 492.208 
1267 481.819 
1268 486.634 
1269 475.655 
1270 496.772 
1271 508.156 
1272 504.465 
1273 501.538 
1274 512.495 
1275 501.242 
1276 501.163 
1277 495.925 
1278 483.376 
1279 477.846 
1280 468.047 
1281 477.974 
1282 478.704 
1283 478.299 
1284 473.806 
1285 478.057 
1286 473.873 
1287 481.263 
1288 475.825 
1289 479.451 
1290 481.024 
1291 483.724 
1292 481.827 
1293 478.01 
1294 478.048 
1295 474.421 
1296 480.114 
1297 470.717 
1298 453.531 
1299 443.568 
1300 462.551 
1301 453.419 
1302 451.326 
1303 434.147 
1304 460.473 
1305 478.019 
1306 472.621 
1307 472.739 
1308 470.657 
1309 454.887 
1310 476.164 
1311 455.151 
1312 434.039 
1313 412.946 
1314 409.217 
1315 396.924 
1316 426.266 
1317 471.069 
1318 435.883 
1319 423.885 
1320 438.873 
1321 456.468 
1322 474.614 
1323 479.871 
1324 491.021 
1325 490.859 
1326 502.796 
1327 533.954 
1328 560.266 
1329 601.074 
1330 606.626 
1331 579.774 
1332 554.27 
1333 539.07 
1334 543.324 
1335 494.979 
1336 514.477 
1337 537.151 
1338 576.123 
1339 584.703 
1340 579.291 
1341 571.367 
1342 580.198 
1343 586.834 
1344 532.604 
1345 509.919 
1346 534.468 
1347 557.023 
1348 503.33 
1349 512.516 
1350 505.687 
1351 510.726 
1352 514.396 
1353 497.337 
1354 458.071 
1355 473.101 
1356 458.71 
1357 450.264 
1358 405.512 
1359 383.489 
1360 385.016 
1361 427.001 
1362 451.842 
1363 458.827 
1364 476.338 
1365 449.95 
1366 442.332 
1367 418.754 
1368 411.682 
1369 422.684 
1370 454.029 
1371 438.391 
1372 449.547 
1373 437.882 
1374 412.187 
1375 417.263 
1376 374.12 
1377 366.277 
1378 355.565 
1379 352.527 
1380 382.217 
1381 392.8 
1382 440.857 
1383 432.176 
1384 433.561 
1385 468.824 
1386 499.092 
1387 530.797 
1388 513.784 
1389 508.206 
1390 548.821 
1391 535.795 
1392 562.4 
1393 572.607 
1394 584.793 
1395 579.533 
1396 585.702 
1397 591.873 
1398 586.912 
1399 604.881 
1400 594.035 
1401 576.717 
1402 575.663 
1403 554.295 
1404 570.721 
1405 602.136 
1406 609.319 
1407 605.431 
1408 594.616 
1409 592.5 
1410 578.391 
1411 572.574 
1412 558.019 
1413 557.772 
1414 549.163 
1415 527.3 
1416 503.373 
1417 481.454 
1418 475.897 
1419 462.74 
1420 445.206 
1421 424.504 
1422 409.728 
1423 393.465 
1424 385.39 
1425 382.372 
1426 369.875 
1427 384.758 
1428 374.882 
1429 362.306 
1430 363.994 
1431 379.016 
1432 373.349 
1433 370.581 
1434 359.612 
1435 352.656 
1436 361.847 
1437 389.634 
1438 407.589 
1439 433.707 
1440 442.507 
1441 443.334 
1442 425.86 
1443 382.288 
1444 437.147 
1445 492.702 
1446 459.744 
1447 454.1 
1448 443.728 
1449 391.419 
1450 363.993 
1451 374.307 
1452 333.545 
1453 349.723 
1454 431.388 
1455 512.013 
1456 614.399 
1457 644.873 
1458 665.684 
1459 718.204 
1460 737.525 
1461 771.256 
1462 804.021 
1463 805.258 
1464 735.214 
1465 725.645 
1466 744.912 
1467 795.979 
1468 818.81 
1469 752.466 
1470 706.003 
1471 672.871 
1472 591.808 
1473 527.64 
1474 493.38 
1475 437.322 
1476 366.643 
1477 367.396 
1478 319.516 
1479 299.011 
1480 292.365 
1481 294.533 
1482 294.645 
1483 279.201 
1484 305.474 
1485 317.605 
1486 351.206 
1487 343.862 
1488 347.225 
1489 390.421 
1490 425.246 
1491 429.169 
1492 391.932 
1493 355.353 
1494 361.425 
1495 375.219 
1496 359.384 
1497 348.751 
1498 357.133 
1499 359.927 
1500 386.818 
1501 423.877 
1502 435.567 
1503 427.244 
1504 443.758 
1505 452.956 
1506 514.783 
1507 568.685 
1508 569.812 
1509 584.016 
1510 591.257 
1511 601.103 
1512 588.331 
1513 588.628 
1514 610.794 
1515 626.343 
1516 613.5 
1517 622.207 
1518 612.624 
1519 607.122 
1520 581.691 
1521 573.939 
1522 574.786 
1523 562.773 
1524 558.354 
1525 555.298 
1526 578.39 
1527 554.429 
1528 535.226 
1529 510.404 
1530 508.597 
1531 496.349 
1532 486.21 
1533 483.739 
1534 474.401 
1535 462.561 
1536 478.29 
1537 468.559 
1538 464.937 
1539 468.492 
1540 482.687 
1541 485.281 
1542 475.227 
1543 466.67 
1544 476.744 
1545 470.977 
1546 478.682 
1547 467.363 
1548 459.109 
1549 457.399 
1550 458.796 
1551 448.249 
1552 448.294 
1553 449.952 
1554 441.831 
1555 434.122 
1556 435.707 
1557 430.752 
1558 430.911 
1559 425.229 
1560 420.137 
1561 414.058 
1562 406.608 
1563 408.894 
1564 403.918 
1565 401.876 
1566 403.164 
1567 408.273 
1568 403.897 
1569 407.93 
1570 411.368 
1571 402.815 
1572 419.676 
1573 439.169 
1574 442.517 
1575 443.155 
1576 447.33 
1577 466 
1578 460.84 
1579 495.937 
1580 557.196 
1581 576.338 
1582 571.102 
1583 560.343 
1584 556.937 
1585 577.677 
1586 591.775 
1587 602.362 
1588 595.587 
1589 613.419 
1590 655.042 
1591 662.26 
1592 657.392 
1593 667.974 
1594 659.657 
1595 635.704 
1596 605.193 
1597 613.013 
1598 614.064 
1599 661.054 
1600 653.398 
1601 612.52 
1602 570.447 
1603 518.909 
1604 494.94 
1605 472.672 
1606 491.839 
1607 439.77 
1608 418.891 
1609 375.324 
1610 325.185 
1611 341.081 
1612 273.413 
1613 281.37 
1614 297.632 
1615 257.37 
1616 229.739 
1617 255.486 
1618 284.143 
1619 300.33 
1620 344.553 
1621 383.004 
1622 424.565 
1623 449.402 
1624 460.468 
1625 448.206 
1626 441.445 
1627 441.604 
1628 454.088 
1629 445.396 
1630 420.316 
1631 415.226 
1632 405.199 
1633 445.699 
1634 451.587 
1635 468.416 
1636 517.238 
1637 586 
1638 628.15 
1639 644.833 
1640 645.894 
1641 647.28 
1642 637.539 
1643 614.222 
1644 606.083 
1645 592.979 
1646 633.772 
1647 653.53 
1648 653.123 
1649 648.329 
1650 650.129 
1651 631.113 
1652 621.173 
1653 591.408 
1654 549.321 
1655 529.821 
1656 507.12 
1657 490.935 
1658 461.384 
1659 437.89 
1660 437.776 
1661 431.965 
1662 440.583 
1663 447.652 
1664 433.094 
1665 418.828 
1666 406.768 
1667 419.425 
1668 420.502 
1669 413.899 
1670 410.305 
1671 403.802 
1672 402.163 
1673 402.252 
1674 397.119 
1675 393.107 
1676 400.545 
1677 398.15 
1678 411.527 
1679 419.268 
1680 418.253 
1681 431.05 
1682 441.511 
1683 448.78 
1684 453.187 
1685 464.651 
1686 481.18 
1687 516.073 
1688 527.218 
1689 530.296 
1690 529.481 
1691 538.541 
1692 543.938 
1693 540.132 
1694 541.981 
1695 536.041 
1696 533.069 
1697 521.926 
1698 525.174 
1699 520.383 
1700 526.828 
1701 519.894 
1702 506.675 
1703 486.876 
1704 472.516 
1705 468.427 
1706 440.356 
1707 424.869 
1708 439.148 
1709 460.692 
1710 495.123 
1711 481.881 
1712 498.427 
1713 506.443 
1714 493.436 
1715 460.131 
1716 482.976 
1717 512.043 
1718 493.723 
1719 503.63 
1720 525.898 
1721 538.582 
1722 547.557 
1723 594.113 
1724 572.762 
1725 560.828 
1726 537.154 
1727 532.693 
1728 519.613 
1729 500.79 
1730 467.81 
1731 470.368 
1732 465.962 
1733 468.895 
1734 468.772 
1735 535.899 
1736 517.279 
1737 502.114 
1738 479.198 
1739 488.122 
1740 480.167 
1741 475.805 
1742 418.996 
1743 412.788 
1744 441.217 
1745 467.902 
1746 508.847 
1747 492.74 
1748 472.25 
1749 470.33 
1750 440.013 
1751 418.614 
1752 405.728 
1753 402.731 
1754 392.68 
1755 412.614 
1756 420.252 
1757 437.896 
1758 419.531 
1759 439.725 
1760 444.428 
1761 469.478 
1762 463.099 
1763 499.1 
1764 468.58 
1765 488.229 
1766 501.425 
1767 503.741 
1768 481.643 
1769 497.493 
1770 509.047 
1771 492.862 
1772 535.394 
1773 525.398 
1774 532.433 
1775 548.661 
1776 562.848 
1777 559.666 
1778 557.293 
1779 558.918 
1780 543.034 
1781 513.546 
1782 511.969 
1783 501.328 
1784 535.26 
1785 513.211 
1786 481.74 
1787 492.219 
1788 498.028 
1789 514.562 
1790 534.724 
1791 515.63 
1792 515.804 
1793 510.581 
1794 483.805 
1795 494.928 
1796 512.507 
1797 529.807 
1798 542.399 
1799 525.357 
1800 520.559 
1801 499.683 
1802 494.91 
1803 484.619 
1804 464.889 
1805 467.695 
1806 460.31 
1807 436.8 
1808 423.926 
1809 420.343 
1810 409.696 
1811 405.323 
1812 400.753 
1813 405.003 
1814 402.58 
1815 414.279 
1816 426.184 
1817 434.566 
1818 438.385 
1819 436.987 
1820 443.907 
1821 459.965 
1822 463.271 
1823 460.823 
1824 459.407 
1825 462.598 
1826 470.06 
1827 470.85 
1828 489.212 
1829 500.686 
1830 503.902 
1831 507.686 
1832 510.558 
1833 518.533 
1834 526.125 
1835 526.645 
1836 535.605 
1837 534.216 
1838 552.292 
1839 548.249 
1840 547.308 
1841 542.294 
1842 534.441 
1843 526.786 
1844 525.678 
1845 536.775 
1846 535.342 
1847 515.857 
1848 505.71 
1849 507.202 
1850 499.847 
1851 510.47 
1852 498.813 
1853 486.929 
1854 491.085 
1855 493.661 
1856 463.552 
1857 476.566 
1858 495.824 
1859 513.959 
1860 505.418 
1861 482.059 
1862 476.851 
1863 478.475 
1864 471.42 
1865 465.786 
1866 472.08 
1867 488.718 
1868 456.123 
1869 461.52 
1870 437.845 
1871 439.931 
1872 440.321 
1873 490.854 
1874 491.173 
1875 461.323 
1876 444.644 
1877 428.579 
1878 451.565 
1879 450.24 
1880 441.935 
1881 472.478 
1882 550.093 
1883 541.198 
1884 515.405 
1885 466.021 
1886 471.746 
1887 462.374 
1888 457.191 
1889 461.377 
1890 533.308 
1891 512.548 
1892 506.16 
1893 436.497 
1894 402.508 
1895 412.336 
1896 442.217 
1897 525.685 
1898 530.668 
1899 522.89 
1900 499.673 
1901 473.034 
1902 462.889 
1903 461.154 
1904 511.44 
1905 529.961 
1906 542.729 
1907 532.757 
1908 510.16 
1909 479.653 
1910 441.354 
1911 452.184 
1912 435.864 
1913 432.722 
1914 416.187 
1915 485.79 
1916 550.47 
1917 525.266 
1918 523.223 
1919 512.389 
1920 531.515 
1921 534.956 
1922 572.672 
1923 555.024 
1924 545.177 
1925 514.696 
1926 507.652 
1927 481.213 
1928 482.752 
1929 518.838 
1930 552.444 
1931 585.24 
1932 573.894 
1933 573.172 
1934 557.839 
1935 523.154 
1936 513.574 
1937 489.948 
1938 471.723 
1939 451.738 
1940 458.624 
1941 488.208 
1942 464.705 
1943 445.024 
1944 423.865 
1945 414.618 
1946 405.864 
1947 414.173 
1948 412.405 
1949 401.61 
1950 395.328 
1951 392.087 
1952 391.005 
1953 389.79 
1954 393.039 
1955 394.84 
1956 395.069 
1957 396.495 
1958 407.575 
1959 419.361 
1960 432.094 
1961 445.308 
1962 457.332 
1963 465.585 
1964 489.685 
1965 505.741 
1966 516.16 
1967 535.147 
1968 547.002 
1969 559.324 
1970 566.913 
1971 574.368 
1972 579.087 
1973 582.472 
1974 587.228 
1975 587.761 
1976 587.984 
1977 589.312 
1978 584.368 
1979 582.08 
1980 575.583 
1981 566.021 
1982 554.444 
1983 563.412 
1984 548.994 
1985 541.67 
1986 520.927 
1987 500.464 
1988 484.691 
1989 457.729 
1990 440.609 
1991 429.673 
1992 416.076 
1993 430.481 
1994 435.367 
1995 440.419 
1996 427.738 
1997 470.731 
1998 514.52 
1999 551.035 
2000 550.118 
2001 552.119 
2002 532.199 
2003 495.229 
2004 472.687 
2005 463.561 
2006 470.349 
2007 481.953 
2008 494.585 
2009 493.064 
2010 465.016 
2011 403.471 
2012 355.768 
2013 314.949 
2014 296.763 
2015 255.161 
2016 247.7 
2017 233.741 
2018 256.148 
2019 243.589 
2020 295.232 
2021 346.849 
2022 405.715 
2023 521.706 
2024 594.898 
2025 572.268 
2026 589.696 
2027 661.759 
2028 678.336 
2029 643.805 
2030 621.344 
2031 613.128 
2032 599.432 
2033 557.731 
2034 597.594 
2035 628.79 
2036 624.986 
2037 631.244 
2038 636.525 
2039 603.183 
2040 553.571 
2041 558.435 
2042 544.019 
2043 507.46 
2044 534.089 
2045 601.832 
2046 594.909 
2047 598.233 
2048 580.608 
2049 563.034 
2050 530.602 
2051 489.593 
2052 479.282 
2053 476.935 
2054 505.206 
2055 444.844 
2056 418.784 
2057 405.555 
2058 377.074 
2059 338.446 
2060 332.069 
2061 351.528 
2062 337.198 
2063 330.943 
2064 330.915 
2065 328.958 
2066 327.802 
2067 339.47 
2068 337.371 
2069 357.605 
2070 394.364 
2071 402.326 
2072 404.663 
2073 410.337 
2074 417.801 
2075 431.899 
2076 433.97 
2077 462.243 
2078 539.742 
2079 545.885 
2080 548.584 
2081 548.946 
2082 558.877 
2083 562.276 
2084 563.243 
2085 567.273 
2086 573.363 
2087 596.309 
2088 597.608 
2089 593.556 
2090 591.955 
2091 594.308 
2092 590.822 
2093 596.209 
2094 590.884 
2095 578.972 
2096 586.701 
2097 590.007 
2098 588.535 
2099 572.836 
2100 551.073 
2101 534.614 
2102 510.139 
2103 498.938 
2104 500.711 
2105 505.068 
2106 513.429 
2107 504.026 
2108 501.4 
2109 496.405 
2110 483.204 
2111 456.87 
2112 408.99 
2113 387.458 
2114 354.178 
2115 340.766 
2116 342.646 
2117 349.152 
2118 337.724 
2119 322.415 
2120 341.182 
2121 372.092 
2122 382.516 
2123 457.034 
2124 484.231 
2125 505.598 
2126 512.33 
2127 476.727 
2128 481.693 
2129 499.935 
2130 480.964 
2131 475.591 
2132 467.132 
2133 474.903 
2134 462.622 
2135 480.507 
2136 500.677 
2137 538.752 
2138 536.75 
2139 573.491 
2140 585.493 
2141 563.374 
2142 533.75 
2143 501.637 
2144 493.651 
2145 476.504 
2146 466.11 
2147 418.88 
2148 435.623 
2149 435.749 
2150 456.165 
2151 468.879 
2152 476.096 
2153 508.021 
2154 551.657 
2155 572.309 
2156 603.878 
2157 589.165 
2158 557.173 
2159 540.802 
2160 542.251 
2161 535.02 
2162 508.407 
2163 487.511 
2164 477.429 
2165 492.057 
2166 505.792 
2167 514.027 
2168 472.056 
2169 465.071 
2170 505.361 
2171 592.814 
2172 611.617 
2173 607.251 
2174 580.797 
2175 562.331 
2176 544.326 
2177 515.748 
2178 478.563 
2179 449.328 
2180 435.095 
2181 427.611 
2182 425.415 
2183 409.939 
2184 379.01 
2185 398.642 
2186 399.745 
2187 405.917 
2188 404.048 
2189 390.018 
2190 382.598 
2191 370.845 
2192 372.211 
2193 361.431 
2194 368.133 
2195 376.133 
2196 377.234 
2197 378.43 
2198 383.303 
2199 390.422 
2200 410.748 
2201 440.33 
2202 450.906 
2203 458.505 
2204 462.944 
2205 476.934 
2206 490.976 
2207 510.763 
2208 533.179 
2209 572.604 
2210 592.21 
2211 599.965 
2212 607.933 
2213 618.874 
2214 625.145 
2215 626.201 
2216 634.199 
2217 637.293 
2218 634.742 
2219 629.703 
2220 627.84 
2221 630.819 
2222 625.512 
2223 628.999 
2224 643.563 
2225 633.199 
2226 623.509 
2227 608.804 
2228 583.108 
2229 556.253 
2230 530.286 
2231 511.263 
2232 493.256 
2233 473.75 
2234 454.042 
2235 411.545 
2236 389.287 
2237 393.009 
2238 372.169 
2239 340.138 
2240 323.104 
2241 319.769 
2242 329.849 
2243 330.576 
2244 328.696 
2245 341.269 
2246 353.668 
2247 357.882 
2248 323.709 
2249 310.963 
2250 264.466 
2251 271.653 
2252 256.57 
2253 259.173 
2254 302.225 
2255 355.099 
2256 419.975 
2257 474.941 
2258 452.59 
2259 470.02 
2260 497.136 
2261 544.643 
2262 614.754 
2263 670.681 
2264 663.34 
2265 694.845 
2266 640.814 
2267 609.764 
2268 594.011 
2269 612.268 
2270 575.749 
2271 563.266 
2272 594.724 
2273 576.731 
2274 672.187 
2275 685.49 
2276 656.133 
2277 643.806 
2278 670.993 
2279 650.674 
2280 611.123 
2281 568.409 
2282 506.396 
2283 520.543 
2284 552.302 
2285 557.42 
2286 559.338 
2287 577.591 
2288 610.008 
2289 604.513 
2290 568.822 
2291 492.746 
2292 433.79 
2293 393.153 
2294 395.725 
2295 363.992 
2296 325.333 
2297 339.521 
2298 330.12 
2299 387.889 
2300 384.378 
2301 365.433 
2302 356.289 
2303 367.476 
2304 344.914 
2305 324.517 
2306 311.29 
2307 279.129 
2308 245.323 
2309 266.051 
2310 302.482 
2311 331.478 
2312 373.991 
2313 387.662 
2314 391.824 
2315 391.799 
2316 398.6 
2317 437.229 
2318 481.678 
2319 540.129 
2320 542.255 
2321 524.417 
2322 520.067 
2323 522.447 
2324 522.289 
2325 527.715 
2326 554.54 
2327 569.567 
2328 569.393 
2329 598.105 
2330 625.685 
2331 652.104 
2332 659.43 
2333 656.422 
2334 663.038 
2335 680.026 
2336 681.235 
2337 678.307 
2338 678.686 
2339 692.511 
2340 679.822 
2341 660.36 
2342 656.666 
2343 633.085 
2344 610.965 
2345 590.455 
2346 567.515 
2347 561.006 
2348 547.098 
2349 534.17 
2350 507.409 
2351 506.311 
2352 484.583 
2353 449.045 
2354 423.826 
2355 411.571 
2356 392.236 
2357 377.293 
2358 368.228 
2359 326.242 
2360 294.15 
2361 313.287 
2362 289.299 
2363 229.152 
2364 197.327 
2365 224.723 
2366 230.753 
2367 229.948 
2368 239.457 
2369 224.841 
2370 276.28 
2371 307.769 
2372 313.118 
2373 326.849 
2374 371.802 
2375 408.928 
2376 402.592 
2377 417.369 
2378 423.149 
2379 453.529 
2380 553.318 
2381 596.934 
2382 628.903 
2383 701.957 
2384 744.938 
2385 777.39 
2386 757.364 
2387 719.115 
2388 668.001 
2389 583.982 
2390 511.22 
2391 571.878 
2392 609.917 
2393 638.801 
2394 631.59 
2395 646.943 
2396 642.014 
2397 627.857 
2398 557.421 
2399 547.949 
2400 513.282 
2401 569.752 
2402 593.188 
2403 603.912 
2404 559.339 
2405 539.378 
2406 528.13 
2407 516.889 
2408 539.341 
2409 545.665 
2410 572.431 
2411 566.301 
2412 541.329 
2413 510.76 
2414 505.429 
2415 509.565 
2416 507.987 
2417 478.703 
2418 464.614 
2419 446.911 
2420 386.075 
2421 344.379 
2422 298.284 
2423 256.142 
2424 227.295 
2425 203.276 
2426 178.805 
2427 211.793 
2428 271.84 
2429 325.634 
2430 329.253 
2431 337.164 
2432 381.219 
2433 385.761 
2434 396.02 
2435 401.813 
2436 405.146 
2437 387.511 
2438 373.386 
2439 373.739 
2440 370.121 
2441 388.872 
2442 415.519 
2443 467.475 
2444 485.438 
2445 500.395 
2446 515.92 
2447 551.272 
2448 578.099 
2449 575.135 
2450 582.906 
2451 617.221 
2452 631.581 
2453 660.178 
2454 670.69 
2455 702.491 
2456 728.742 
2457 739 
2458 738.815 
2459 739.031 
2460 734.387 
2461 728.421 
2462 735.367 
2463 726.76 
2464 713.835 
2465 696.929 
2466 683.383 
2467 671.241 
2468 644.555 
2469 621.486 
2470 596.401 
2471 563.979 
2472 548.113 
2473 522.908 
2474 468.984 
2475 417.778 
2476 384.844 
2477 348.957 
2478 299.009 
2479 261.617 
2480 219.619 
2481 192.277 
2482 200.576 
2483 183.629 
2484 154.172 
2485 188.37 
2486 206.814 
2487 206.422 
2488 234.942 
2489 227.445 
2490 229.935 
2491 282.441 
2492 332.817 
2493 350.548 
2494 426.442 
2495 482.635 
2496 494.084 
2497 450.174 
2498 438.708 
2499 446.915 
2500 434.94 
2501 469.45 
2502 480.326 
2503 445.766 
2504 517.883 
2505 612.201 
2506 642.953 
2507 711.783 
2508 726.44 
2509 686.578 
2510 682.154 
2511 684.826 
2512 658.05 
2513 626.381 
2514 623.666 
2515 634.748 
2516 649.16 
2517 637.526 
2518 587.158 
2519 589.853 
2520 637.894 
2521 584.548 
2522 595.664 
2523 579.473 
2524 580.284 
2525 581.388 
2526 560.751 
2527 616.321 
2528 600.618 
2529 542.943 
2530 509.271 
2531 483.353 
2532 493.917 
2533 453.668 
2534 414.685 
2535 410.425 
2536 409.422 
2537 401.789 
2538 417.215 
2539 456.87 
2540 493.203 
2541 473.243 
2542 469.304 
2543 465.98 
2544 429.749 
2545 382.877 
2546 351.712 
2547 337.995 
2548 315.251 
2549 335.098 
2550 349.944 
2551 349.692 
2552 365.135 
2553 348.765 
2554 329.568 
2555 324.927 
2556 322.425 
2557 340.244 
2558 354.766 
2559 373.574 
2560 391.455 
2561 409.896 
2562 402.79 
2563 398.234 
2564 437.127 
2565 461.476 
2566 470.393 
2567 475.394 
2568 477.403 
2569 487.249 
2570 487.867 
2571 506.397 
2572 545.188 
2573 574.791 
2574 582.465 
2575 609.374 
2576 644.286 
2577 674.275 
2578 687.918 
2579 689.397 
2580 691.697 
2581 696.406 
2582 699.514 
2583 690.915 
2584 683.102 
2585 673.773 
2586 654.925 
2587 644.154 
2588 625.561 
2589 608.043 
2590 591.198 
2591 584.025 
2592 578.721 
2593 567.284 
2594 550.91 
2595 525.496 
2596 522.537 
2597 506.429 
2598 482.268 
2599 451.949 
2600 430.569 
2601 411.425 
2602 383.516 
2603 354.942 
2604 339.305 
2605 315.91 
2606 290.767 
2607 295.288 
2608 291.989 
2609 289.093 
2610 295.527 
2611 291.126 
2612 281.93 
2613 279.487 
2614 273.455 
2615 282.798 
2616 345.891 
2617 381.118 
2618 438.572 
2619 432.657 
2620 447.39 
2621 431.596 
2622 446.511 
2623 480.386 
2624 467.88 
2625 468.465 
2626 474.524 
2627 522.951 
2628 561.951 
2629 584.141 
2630 575.646 
2631 549.104 
2632 585.159 
2633 595.167 
2634 583.091 
2635 587.7 
2636 601.773 
2637 600.793 
2638 567.648 
2639 567.132 
2640 557.941 
2641 570.674 
2642 604.632 
2643 597.017 
2644 608.03 
2645 599.271 
2646 577.738 
2647 558.326 
2648 530.027 
2649 508.626 
2650 485.205 
2651 469.138 
2652 473.694 
2653 502.631 
2654 498.103 
2655 504.752 
2656 538.711 
2657 545.506 
2658 562.45 
2659 554.047 
2660 557.092 
2661 544.367 
2662 546.345 
2663 534.289 
2664 535.851 
2665 522.673 
2666 486.287 
2667 468.317 
2668 432.976 
2669 389.57 
2670 392.896 
2671 371.243 
2672 336.595 
2673 306.728 
2674 295.612 
2675 314.114 
2676 305.695 
2677 338.113 
2678 361.222 
2679 362.876 
2680 391.224 
2681 432.717 
2682 460.105 
2683 490.336 
2684 504.562 
2685 517.132 
2686 504.101 
2687 498.224 
2688 491.856 
2689 486.558 
2690 487.693 
2691 507.124 
2692 506.919 
2693 504.349 
2694 480.688 
2695 462.21 
2696 492.994 
2697 485.118 
2698 469.565 
2699 454.717 
2700 447.657 
2701 440.167 
2702 427.932 
2703 443.932 
2704 460.348 
2705 473.556 
2706 515.933 
2707 528.647 
2708 552.167 
2709 587.152 
2710 592.259 
2711 592.436 
2712 591.624 
2713 581.458 
2714 572.664 
2715 555.758 
2716 545.248 
2717 539.231 
2718 557.697 
2719 593.122 
2720 592.674 
2721 585.911 
2722 593.679 
2723 585.213 
2724 576.941 
2725 562.878 
2726 573.432 
2727 579.099 
2728 574.77 
2729 569.026 
2730 546.94 
2731 544.482 
2732 536.113 
2733 535.393 
2734 510.577 
2735 497.617 
2736 483.364 
2737 475.572 
2738 444.193 
2739 415.284 
2740 390.605 
2741 389.82 
2742 360.503 
2743 339.134 
2744 332.501 
2745 320.707 
2746 283.362 
2747 260.592 
2748 244.737 
2749 282.252 
2750 289.909 
2751 324.597 
2752 329.325 
2753 345.618 
2754 321.024 
2755 273.111 
2756 332.467 
2757 367.202 
2758 357.35 
2759 376.962 
2760 452.717 
2761 481.511 
2762 505.265 
2763 471.921 
2764 479.841 
2765 504.009 
2766 537.227 
2767 541.419 
2768 606.626 
2769 664.306 
2770 713.933 
2771 749.999 
2772 759.208 
2773 758.677 
2774 714.735 
2775 721.921 
2776 749.582 
2777 743.575 
2778 706.459 
2779 667.199 
2780 655.264 
2781 656.822 
2782 634.742 
2783 650.591 
2784 577.033 
2785 538.026 
2786 507.323 
2787 507.269 
2788 478.901 
2789 390.045 
2790 377.816 
2791 406.018 
2792 440.539 
2793 449.756 
2794 432.829 
2795 429.602 
2796 385.304 
2797 426.844 
2798 463.518 
2799 454.499 
2800 399.746 
2801 394.797 
2802 371.072 
2803 375.472 
2804 391.081 
2805 379.362 
2806 366.663 
2807 401.31 
2808 388.316 
2809 338.773 
2810 310.657 
2811 309.229 
2812 336.433 
2813 368.299 
2814 383.141 
2815 390.561 
2816 377.246 
2817 371.771 
2818 344.601 
2819 322.286 
2820 333.97 
2821 385.684 
2822 448.352 
2823 488.988 
2824 540.201 
2825 563.489 
2826 581.047 
2827 581.363 
2828 572.52 
2829 556.696 
2830 557.565 
2831 555.898 
2832 552.962 
2833 555.022 
2834 555.14 
2835 560.376 
2836 578.989 
2837 594.638 
2838 622.779 
2839 621.768 
2840 615.363 
2841 626.819 
2842 634.093 
2843 638.943 
2844 630.226 
2845 645.804 
2846 646.237 
2847 653.988 
2848 653.923 
2849 636.609 
2850 634.817 
2851 622.622 
2852 603.199 
2853 616.132 
2854 601.506 
2855 574.211 
2856 547.643 
2857 511.206 
2858 485.106 
2859 483.758 
2860 471.486 
2861 434.72 
2862 412.999 
2863 396.47 
2864 369.592 
2865 359.133 
2866 329.172 
2867 274.5 
2868 256.12 
2869 207.447 
2870 199.31 
2871 203.452 
2872 167.631 
2873 176.517 
2874 187.098 
2875 200.278 
2876 211.374 
2877 230.922 
2878 245.474 
2879 329.199 
2880 386.681 
2881 437.724 
2882 445.546 
2883 444.484 
2884 467.89 
2885 575.934 
2886 575.701 
2887 622.892 
2888 659.322 
2889 679.223 
2890 721.739 
2891 734.328 
2892 760.06 
2893 727.618 
2894 712.794 
2895 693.989 
2896 659.016 
2897 600.791 
2898 579.339 
2899 618.191 
2900 573.678 
2901 559.436 
2902 524.904 
2903 509.317 
2904 492.911 
2905 522.819 
2906 511.068 
2907 501.883 
2908 464.28 
2909 487.066 
2910 528.242 
2911 573.196 
2912 549.705 
2913 558.134 
2914 532.934 
2915 565.042 
2916 587.277 
2917 646.546 
2918 630.936 
2919 611.517 
2920 549.342 
2921 496.643 
2922 465.036 
2923 416.616 
2924 375.86 
2925 380.124 
2926 386.246 
2927 390.444 
2928 359.718 
2929 381.049 
2930 382.599 
2931 381.713 
2932 370.719 
2933 355.927 
2934 357.234 
2935 345.819 
2936 308.149 
2937 315.275 
2938 304.237 
2939 317.965 
2940 352.576 
2941 361.378 
2942 366.771 
2943 355.847 
2944 350.893 
2945 359.187 
2946 381.507 
2947 390.423 
2948 408.206 
2949 455.025 
2950 466.445 
2951 482.535 
2952 500.763 
2953 533.699 
2954 568.415 
2955 579.488 
2956 589.196 
2957 602.623 
2958 614.356 
2959 624.09 
2960 631.322 
2961 653.258 
2962 658.206 
2963 663.485 
2964 666.416 
2965 662.829 
2966 663.06 
2967 656.251 
2968 648.85 
2969 648.811 
2970 642.396 
2971 642.071 
2972 623.11 
2973 599.789 
2974 598.493 
2975 584.01 
2976 560.535 
2977 538.165 
2978 514.304 
2979 498.66 
2980 482.643 
2981 459.17 
2982 424.859 
2983 410.335 
2984 416.724 
2985 393.056 
2986 383.766 
2987 376.291 
2988 354.473 
2989 334.955 
2990 343.788 
2991 337.724 
2992 331.52 
2993 338.237 
2994 347.541 
2995 377.603 
2996 414.899 
2997 395.011 
2998 390.225 
2999 403.636 
3000 380.143 
3001 364.954 
3002 351.583 
3003 324.653 
3004 350.092 
3005 429.541 
3006 471.745 
3007 479.262 
3008 447.356 
3009 474.502 
3010 517.985 
3011 486.8 
3012 468.85 
3013 480.549 
3014 541.423 
3015 573.404 
3016 577.237 
3017 600.776 
3018 678.383 
3019 690.13 
3020 675.498 
3021 644.776 
3022 629.06 
3023 597.255 
3024 563.671 
3025 508.124 
3026 496.236 
3027 479.834 
3028 443.647 
3029 468.308 
3030 413.352 
3031 397.413 
3032 458.929 
3033 477.332 
3034 479.457 
3035 519.834 
3036 533.087 
3037 533.839 
3038 513.606 
3039 535.495 
3040 560.509 
3041 529.54 
3042 533.672 
3043 555.478 
3044 592.821 
3045 596.852 
3046 600.409 
3047 595.72 
3048 592.998 
3049 536.343 
3050 508.64 
3051 482.162 
3052 448.666 
3053 451.197 
3054 467.482 
3055 475.038 
3056 449.866 
3057 448.152 
3058 435.672 
3059 416.586 
3060 389.942 
3061 381.279 
3062 376.72 
3063 360.382 
3064 361.369 
3065 359.677 
3066 378.795 
3067 387.203 
3068 377.974 
3069 397.279 
3070 415.48 
3071 395.338 
3072 397.112 
3073 396.856 
3074 395.128 
3075 394.781 
3076 419.773 
3077 441.662 
3078 471.009 
3079 500.179 
3080 507.64 
3081 492.565 
3082 493.134 
3083 526.732 
3084 523.049 
3085 505.184 
3086 499.841 
3087 528.334 
3088 544.482 
3089 548.612 
3090 551.06 
3091 552.668 
3092 557.686 
3093 554.371 
3094 572.288 
3095 577.206 
3096 589.504 
3097 591.262 
3098 582.168 
3099 571.615 
3100 575.497 
3101 581.516 
3102 581.671 
3103 576.868 
3104 566.611 
3105 554.206 
3106 543.458 
3107 547.571 
3108 538.849 
3109 529.291 
3110 532.695 
3111 524.555 
3112 517.761 
3113 511.897 
3114 501.743 
3115 491.572 
3116 482.553 
3117 476.748 
3118 473.509 
3119 464.787 
3120 456.42 
3121 447.943 
3122 438.783 
3123 430.06 
3124 422.785 
3125 418.567 
3126 413.105 
3127 401.593 
3128 396.52 
3129 391.271 
3130 384.325 
3131 385.758 
3132 389.243 
3133 400.45 
3134 405.749 
3135 395.908 
3136 387.894 
3137 382.977 
3138 382.528 
3139 384.421 
3140 390.93 
3141 392.339 
3142 392.132 
3143 379.503 
3144 367.049 
3145 372.878 
3146 406.204 
3147 434.151 
3148 441.252 
3149 443.251 
3150 450.601 
3151 456.17 
3152 512.933 
3153 572.181 
3154 641.715 
3155 678.349 
3156 697.01 
3157 666.038 
3158 670.885 
3159 672.116 
3160 681.108 
3161 682.852 
3162 690.048 
3163 689.41 
3164 685.262 
3165 661.64 
3166 646.989 
3167 599.562 
3168 589.624 
3169 542.846 
3170 512.007 
3171 508.892 
3172 517.592 
3173 481.903 
3174 455.026 
3175 433.263 
3176 373.919 
3177 374.402 
3178 374.518 
3179 385.274 
3180 389.374 
3181 423.323 
3182 440.819 
3183 443.258 
3184 447.032 
3185 442.726 
3186 437.42 
3187 440.686 
3188 469.089 
3189 459.686 
3190 466.224 
3191 484.543 
3192 485.572 
3193 463.029 
3194 431.124 
3195 422.953 
3196 431.304 
3197 420.452 
3198 412.061 
3199 405.483 
3200 416.36 
3201 415.521 
3202 416.584 
3203 416.756 
3204 419.231 
3205 424.393 
3206 430.515 
3207 423.659 
3208 433.577 
3209 415.609 
3210 412.588 
3211 430.335 
3212 445.362 
3213 451.973 
3214 449.263 
3215 446.218 
3216 453.218 
3217 462.835 
3218 465.934 
3219 485.673 
3220 493.906 
3221 504.179 
3222 514.634 
3223 541.31 
3224 580.34 
3225 589.953 
3226 592.975 
3227 599.232 
3228 604.645 
3229 614.332 
3230 616.014 
3231 624.106 
3232 636.227 
3233 650.494 
3234 650.225 
3235 656.338 
3236 656.154 
3237 656.495 
3238 655.586 
3239 651.455 
3240 650.333 
3241 640.555 
3242 637.462 
3243 631.996 
3244 625.109 
3245 607.156 
3246 586.4 
3247 562.608 
3248 536.658 
3249 507.135 
3250 474.729 
3251 440.243 
3252 407.287 
3253 365.081 
3254 320.855 
3255 276.949 
3256 224.614 
3257 174.412 
3258 121.217 
3259 65.8138 
3260 -9.66338e-13 
