815 116.15 
800.636 115.78 
786.524 115.531 
772.662 115.319 
759.044 114.755 
745.665 114.172 
732.523 113.674 
719.612 112.953 
706.929 112.603 
694.469 112.322 
682.229 112.161 
670.205 112.036 
658.392 111.756 
646.788 116.314 
635.388 116.322 
624.19 116.071 
613.188 115.854 
602.381 115.522 
591.764 114.933 
581.334 114.367 
571.088 114.031 
561.022 114.037 
551.134 114.038 
541.421 117.599 
531.878 117.217 
522.504 116.95 
513.294 116.679 
504.248 116.298 
495.36 115.858 
486.629 115.455 
478.052 115.273 
469.627 115.243 
461.35 118.357 
453.218 118.084 
445.23 117.646 
437.383 117.21 
429.674 116.822 
422.101 116.277 
414.661 115.898 
407.353 119.614 
400.173 119.257 
393.12 118.712 
386.192 118.196 
379.385 117.575 
372.698 116.915 
366.129 116.354 
359.676 120.085 
353.337 119.798 
347.109 119.233 
340.992 118.529 
334.982 117.565 
329.077 116.751 
323.277 120.036 
317.58 120.031 
311.982 119.423 
306.484 118.591 
301.082 117.586 
295.775 120.015 
290.562 120.186 
285.441 119.863 
280.41 119.238 
275.468 118.177 
270.613 119.812 
265.843 120.163 
261.158 119.986 
256.555 119.19 
252.033 117.97 
247.591 119.67 
243.227 120.065 
238.94 119.692 
234.729 118.665 
230.592 119.499 
226.527 120.096 
222.535 120.038 
218.613 119.176 
214.76 119.485 
210.974 119.933 
207.256 119.996 
203.603 118.835 
200.015 119.296 
196.489 119.628 
193.026 119.531 
189.624 118.697 
186.282 119.182 
182.999 119.506 
179.773 118.401 
176.605 118.988 
173.492 119.463 
170.434 118.38 
167.43 118.992 
164.479 119.559 
161.58 118.488 
158.733 119.164 
155.935 119.681 
153.187 118.625 
150.487 119.227 
147.834 118.147 
145.229 118.606 
142.669 119.112 
140.154 117.951 
137.684 118.413 
135.258 117.346 
132.874 117.742 
130.532 118.141 
128.231 117.124 
125.971 117.454 
123.751 116.523 
121.57 116.991 
119.427 116.102 
117.322 116.675 
115.254 115.893 
113.223 116.495 
111.227 115.762 
109.267 116.452 
107.341 115.896 
105.449 116.594 
103.591 116.113 
101.765 115.869 
99.9712 116.451 
98.2092 116.116 
96.4783 116.811 
94.7778 116.44 
93.1074 116.291 
91.4663 116.795 
89.8542 116.419 
88.2705 117.055 
86.7148 116.666 
85.1864 116.266 
83.685 116.724 
82.21 116.244 
80.7611 115.731 
79.3377 115.3 
77.9393 115.493 
76.5656 114.882 
75.2162 114.18 
73.8905 113.589 
72.5881 113.535 
71.3088 112.768 
70.052 111.945 
68.8173 111.063 
67.6044 110.241 
66.4128 109.461 
65.2423 109.043 
64.0924 108.034 
62.9628 107.017 
61.853 105.954 
60.7629 104.854 
59.6919 103.687 
58.6399 102.642 
57.6063 101.511 
56.591 100.302 
55.5936 99.1751 
54.6137 98.0016 
53.6512 96.8639 
52.7056 95.6271 
51.7766 94.4682 
50.8641 93.0419 
49.9676 91.7129 
49.0869 90.3076 
48.2217 88.9797 
47.3718 87.9037 
46.5369 86.7232 
45.7167 85.1971 
44.9109 83.9891 
44.1194 82.6141 
43.3417 81.431 
42.5778 80.1909 
41.8274 78.9573 
41.0902 77.6634 
40.366 76.3639 
39.6545 75.2338 
38.9556 73.9066 
38.269 72.8612 
37.5945 71.5514 
36.9319 70.3504 
36.281 69.1494 
35.6415 68.0768 
35.0133 67.0591 
34.3962 65.7658 
33.79 64.691 
33.1944 63.7047 
32.6094 62.4451 
32.0346 61.4486 
31.47 60.4257 
30.9154 59.358 
30.3705 58.3741 
29.8352 57.5044 
29.3094 56.5176 
28.7928 55.61 
28.2853 54.6391 
27.7868 53.6779 
27.297 52.6828 
26.8159 51.8073 
26.3433 51.0112 
25.879 50.1186 
25.4229 49.4253 
24.9748 48.5201 
24.5346 47.698 
24.1022 47.0216 
23.6774 46.2551 
23.2601 45.6021 
22.8501 44.7776 
22.4474 44.1168 
22.0517 43.4521 
21.6631 42.8594 
21.2812 42.2383 
20.9062 41.4835 
20.5377 40.8499 
20.1757 40.2873 
19.8201 39.7527 
19.4708 39.1705 
19.1276 38.5885 
18.7905 37.9953 
18.4593 37.4033 
18.134 36.915 
17.8143 36.4104 
17.5004 35.8719 
17.1919 35.4132 
16.8889 34.8699 
16.5912 34.3762 
16.2988 33.9411 
16.0115 33.4187 
15.7293 32.9743 
15.4521 32.528 
15.1798 32.0643 
14.9122 31.6192 
14.6494 31.2251 
14.3912 30.7362 
14.1375 30.2957 
13.8884 29.8508 
13.6436 29.4957 
13.4031 29.0582 
13.1669 28.6776 
12.9348 28.2516 
12.7068 27.89 
12.4829 27.4582 
12.2629 27.071 
12.0467 26.671 
11.8344 26.1969 
11.6258 25.9988 
11.4209 25.6058 
11.2196 25.2374 
11.0219 24.7812 
10.8276 24.5953 
10.6368 24.2903 
10.4493 23.7485 
10.2651 23.4081 
10.0842 23.1516 
9.90648 22.8381 
9.73188 22.4546 
9.56035 22.1955 
9.39185 21.8457 
9.22632 21.5405 
9.06371 21.2757 
8.90396 21.0099 
8.74702 20.7052 
8.59286 20.3961 
8.44141 20.0886 
8.29263 19.8434 
8.14647 19.547 
8.00289 19.2632 
7.86183 18.9833 
7.72327 18.7093 
7.58715 18.4918 
7.45342 18.2275 
7.32205 17.9578 
7.193 17.7258 
7.06623 17.4428 
6.94168 17.2335 
6.81934 16.9869 
6.69914 16.7471 
6.58107 16.5149 
6.46508 16.2779 
6.35113 16.0256 
6.23919 15.8422 
6.12923 15.6561 
6.0212 15.3682 
5.91507 15.1894 
5.81082 15.0064 
5.7084 14.7579 
5.60779 14.5778 
5.50895 14.3592 
5.41186 14.1487 
5.31647 13.9911 
5.22277 13.8287 
5.13072 13.5539 
5.04029 13.3794 
4.95145 13.1984 
4.86418 12.9867 
4.77845 12.8637 
4.69423 12.691 
4.6115 12.5007 
4.53022 12.3393 
4.45037 12.2206 
4.37193 11.9892 
4.29488 11.8042 
4.21918 11.6782 
4.14482 11.4785 
4.07177 11.3542 
4 11.1909 
