0 -392.547 
1 -368.648 
2 -336.371 
3 -331.881 
4 -282.25 
5 -238.733 
6 -179.861 
7 -171.758 
8 -150.727 
9 -133.265 
10 20.0483 
11 48.6388 
12 55.2445 
13 64.2111 
14 93.6916 
15 120.242 
16 148.427 
17 192.41 
18 211.35 
19 259.332 
20 287.509 
21 273.334 
22 255.589 
23 258.705 
24 253.751 
25 205.748 
26 162.149 
27 138.656 
28 124.202 
29 95.0778 
30 94.1645 
31 84.8559 
32 17.6 
33 -47.4363 
34 -100.839 
35 -125.466 
36 -162.033 
37 -170.428 
38 -140.598 
39 -126.963 
40 -109.284 
41 -121.753 
42 -66.1286 
43 -89.0216 
44 -112.14 
45 -99.4247 
46 -98.3968 
47 -90.1313 
48 -72.0702 
49 -70.9013 
50 -43.8214 
51 -26.7046 
52 -10.0781 
53 2.0677 
54 0.690986 
55 30.0867 
56 43.5023 
57 54.121 
58 58.3886 
59 42.4672 
60 17.1116 
61 -1.62543 
62 -21.0908 
63 -19.2324 
64 -4.49563 
65 21.2736 
66 34.7335 
67 38.143 
68 35.3631 
69 59.5626 
70 65.9095 
71 57.4786 
72 59.1469 
73 62.4989 
74 58.3215 
75 53.4085 
76 37.3552 
77 20.8679 
78 18.1505 
79 5.81736 
80 17.186 
81 37.5783 
82 28.9189 
83 41.3405 
84 40.2769 
85 29.1673 
86 14.1508 
87 4.67687 
88 -0.910658 
89 -7.05519 
90 -30.0176 
91 -49.6227 
92 -61.6353 
93 -70.9759 
94 -77.3049 
95 -97.7418 
96 -111.94 
97 -115.933 
98 -113.148 
99 -105.749 
100 -86.5363 
101 -111.28 
102 -117.378 
103 -81.5074 
104 -66.7713 
105 -65.9262 
106 -13.385 
107 -14.8032 
108 -11.2914 
109 14.2082 
110 32.6558 
111 87.8423 
112 97.7209 
113 103.189 
114 104.802 
115 95.4633 
116 123.634 
117 108.223 
118 99.5113 
119 88.5832 
120 84.2573 
121 70.5201 
122 59.299 
123 46.1879 
124 34.329 
125 21.9256 
126 9.13032 
127 28.0602 
128 54.8807 
129 50.5309 
130 21.9583 
131 9.34588 
132 12.1446 
133 0.24969 
134 12.0243 
135 -5.02241 
136 -0.715154 
137 -37.2344 
138 -45.4813 
139 -38.8553 
140 -57.0187 
141 -93.9709 
142 -116.464 
143 -137.389 
144 -143.792 
145 -115.558 
146 -104.726 
147 -108.966 
148 -53.9464 
149 -11.9025 
150 21.7895 
151 50.9863 
152 96.8275 
153 123.452 
154 152.707 
155 110.217 
156 65.2244 
157 69.8502 
158 30.8395 
159 17.5017 
160 -27.9406 
161 -9.58157 
162 -61.5027 
163 -54.9227 
164 -44.8383 
165 -31.2642 
166 -1.21297 
167 30.1741 
168 29.4673 
169 -9.78159 
170 -42.7094 
171 -75.2977 
172 -105.601 
173 -128.1 
174 -117.379 
175 -150.134 
176 -110.964 
177 -105.482 
178 -73.1069 
179 -37.3642 
180 -1.8901 
181 36.0721 
182 43.9732 
183 44.5518 
184 63.9453 
185 61.7768 
186 61.7695 
187 63.8337 
188 64.878 
189 67.5015 
190 68.4989 
191 70.6567 
192 71.5614 
193 77.1877 
194 82.5093 
195 83.9937 
196 83.5055 
197 83.5023 
198 95.9451 
199 113.473 
200 108.651 
201 100.707 
202 92.9043 
203 83.4628 
204 72.1404 
205 58.7539 
206 87.5588 
207 64.6784 
208 75.6354 
209 45.884 
210 15.4352 
211 -15.1575 
212 -46.7791 
213 -78.9816 
214 -111.844 
215 -124.204 
216 -125.037 
217 -123.913 
218 -103.567 
219 -102.759 
220 -109.823 
221 -114.015 
222 -140.267 
223 -138.201 
224 -136.244 
225 -135.433 
226 -120.436 
227 -111.493 
228 -105.884 
229 -83.0788 
230 -97.1761 
231 -121.224 
232 -90.9791 
233 -65.2761 
234 -84.9672 
235 -85.1421 
236 -76.0173 
237 -65.9959 
238 -38.7377 
239 19.7717 
240 11.2005 
241 -17.4977 
242 -49.8341 
243 -31.9347 
244 -56.1712 
245 -49.342 
246 -5.49145 
247 37.9227 
248 125.755 
249 226.405 
250 307.446 
251 325.897 
252 328.672 
253 393.602 
254 352.729 
255 261.806 
256 201.394 
257 161.967 
258 166.004 
259 197.092 
260 191.524 
261 184.797 
262 226.114 
263 218.382 
264 101.192 
265 2.37433 
266 -93.9853 
267 -157.984 
268 -73.4161 
269 -41.5914 
270 -93.3392 
271 -157.258 
272 -146.299 
273 -150.693 
274 -135.008 
275 -121.905 
276 -95.7617 
277 -81.9926 
278 -163.002 
279 -137.222 
280 -196.817 
281 -219.551 
282 -203.211 
283 -216.627 
284 -234.122 
285 -199.351 
286 -187.925 
287 -166.51 
288 -155.375 
289 -181.523 
290 -165.374 
291 -174.5 
292 -164.837 
293 -171.406 
294 -174.31 
295 -197.593 
296 -188.892 
297 -181.039 
298 -144.862 
299 -101.244 
300 -48.2559 
301 38.7951 
302 112.408 
303 168.638 
304 239.467 
305 274.032 
306 291.679 
307 292.143 
308 295.455 
309 309.139 
310 328.918 
311 339.011 
312 335.245 
313 322.94 
314 328.33 
315 331.145 
316 319.429 
317 319.029 
318 296.809 
319 282.738 
320 257.103 
321 231.495 
322 217.542 
323 187.07 
324 174.818 
325 140.654 
326 92.4772 
327 64.6764 
328 13.6833 
329 -30.0481 
330 -109.651 
331 -156.636 
332 -223.288 
333 -272.771 
334 -320.124 
335 -365.261 
336 -408.284 
337 -471.662 
338 -536.959 
339 -514.078 
340 -522.559 
341 -536.16 
342 -531.669 
343 -504.334 
344 -475.372 
345 -467.802 
346 -399.426 
347 -316.91 
348 -205.63 
349 -211.943 
350 -181.169 
351 -135.735 
352 62.7224 
353 145.826 
354 195.064 
355 220.039 
356 295.688 
357 343.715 
358 380.164 
359 339.847 
360 314.816 
361 374.183 
362 353.803 
363 378.487 
364 395.185 
365 368.812 
366 392.285 
367 365.542 
368 338.772 
369 335.705 
370 318.22 
371 296.622 
372 211.285 
373 175.693 
374 143.491 
375 109.941 
376 100.687 
377 63.5353 
378 27.3339 
379 -4.34503 
380 -18.3825 
381 -55.4343 
382 -115.711 
383 -172.998 
384 -158.236 
385 -178.014 
386 -228.455 
387 -247.759 
388 -200.662 
389 -159.509 
390 -152.882 
391 -152.948 
392 -172.213 
393 -225.192 
394 -206.214 
395 -234.558 
396 -225.961 
397 -239.326 
398 -248.053 
399 -244.861 
400 -214.283 
401 -205.872 
402 -194.205 
403 -166.255 
404 -150.433 
405 -148.351 
406 -128.44 
407 -107.222 
408 -85.7939 
409 -43.2907 
410 -17.817 
411 13.0538 
412 37.398 
413 67.5233 
414 111.096 
415 135.677 
416 158.051 
417 164.453 
418 182.957 
419 193.993 
420 208.926 
421 214.783 
422 224.629 
423 231.5 
424 229.938 
425 231.313 
426 225.265 
427 223.179 
428 218.005 
429 206.047 
430 205.375 
431 195.71 
432 169.247 
433 140.746 
434 109.131 
435 83.6432 
436 61.2033 
437 42.569 
438 34.9783 
439 -5.66092 
440 -32.2594 
441 -39.5662 
442 -64.7683 
443 -117.76 
444 -160.602 
445 -192.513 
446 -230.617 
447 -212.294 
448 -188.824 
449 -227.129 
450 -231.661 
451 -231.08 
452 -200.193 
453 -173.725 
454 -146.831 
455 -130.936 
456 -83.5984 
457 -89.1352 
458 -130.479 
459 -110.096 
460 -81.2895 
461 -115.898 
462 -106.22 
463 -84.5375 
464 -32.4581 
465 16.3644 
466 36.8375 
467 109.417 
468 120.219 
469 114.902 
470 131.985 
471 90.3255 
472 55.7467 
473 89.7689 
474 102.835 
475 107.344 
476 121.02 
477 137.545 
478 76.6221 
479 75.4095 
480 50.3868 
481 46.3816 
482 36.0481 
483 33.8912 
484 34.9027 
485 33.1864 
486 29.6874 
487 6.27517 
488 1.36003 
489 -37.1279 
490 1.89734 
491 47.2225 
492 42.2945 
493 82.0607 
494 73.7492 
495 65.5595 
496 59.603 
497 54.2337 
498 16.5492 
499 12.1612 
500 -4.66319 
501 -6.12092 
502 -7.77151 
503 -19.3162 
504 -29.5768 
505 -54.4345 
506 -56.1387 
507 -49.3758 
508 -45.5981 
509 -54.8093 
510 -50.0677 
511 -89.3799 
512 -87.1876 
513 -90.7305 
514 -83.2141 
515 -75.3851 
516 -78.9419 
517 -70.721 
518 -62.5121 
519 -31.5384 
520 -21.9765 
521 -12.6373 
522 -27.3819 
523 -17.1945 
524 -7.55075 
525 3.21245 
526 11.7273 
527 19.5733 
528 28.3994 
529 36.6027 
530 46.55 
531 53.2542 
532 59.8078 
533 65.1094 
534 69.6951 
535 40.7672 
536 4.07413 
537 6.72983 
538 5.4927 
539 8.28572 
540 11.0749 
541 13.3979 
542 6.99833 
543 -14.0528 
544 11.7784 
545 15.4655 
546 19.7415 
547 23.9781 
548 -18.3934 
549 -30.1072 
550 24.6623 
551 54.5773 
552 36.265 
553 50.5486 
554 21.1775 
555 3.65342 
556 8.71711 
557 -7.53996 
558 -28.8906 
559 -27.0532 
560 -43.6114 
561 -48.2884 
562 -41.908 
563 -45.3743 
564 -40.3336 
565 -30.5015 
566 -32.4355 
567 -6.06068 
568 4.15497 
569 -7.82362 
570 15.3264 
571 -2.33699 
572 9.61084 
573 10.4912 
574 8.35253 
575 1.9006 
576 12.0798 
577 6.29255 
578 1.17923 
579 -3.05927 
580 -0.984493 
581 8.11482 
582 6.54586 
583 8.34991 
584 10.1264 
585 14.3182 
586 17.0261 
587 15.2956 
588 12.0302 
589 12.2788 
590 26.5481 
591 21.8901 
592 15.3274 
593 8.58228 
594 1.61339 
595 -0.662485 
596 -4.28671 
597 -9.83611 
598 2.45216 
599 9.90223 
600 2.98031 
601 13.7239 
602 38.9714 
603 41.2924 
604 42.5168 
605 46.9175 
606 36.2239 
607 21.1109 
608 5.00919 
609 -4.40715 
610 -18.0947 
611 -23.1093 
612 -32.0787 
613 -38.2675 
614 -38.0017 
615 -62.2473 
616 -79.5298 
617 -67.0129 
618 -60.4213 
619 -57.8176 
620 -70.0262 
621 -82.4976 
622 -99.5828 
623 -68.9987 
624 -61.9033 
625 -53.2112 
626 -44.5748 
627 -36.0035 
628 -27.6432 
629 -22.3978 
630 -12.6967 
631 1.33662 
632 4.80881 
633 4.89572 
634 15.1154 
635 37.4513 
636 57.334 
637 73.9579 
638 78.466 
639 83.1659 
640 89.4109 
641 97.3317 
642 106.865 
643 118.086 
644 130.735 
645 119.798 
646 100.728 
647 106.128 
648 110.261 
649 114.639 
650 82.4513 
651 41.791 
652 32.3845 
653 8.42582 
654 4.35244 
655 -23.9375 
656 -33.8978 
657 -29.1231 
658 -29.9657 
659 -35.8146 
660 -46.0198 
661 -50.959 
662 -56.0127 
663 -56.2305 
664 -84.4048 
665 -109.49 
666 -141.984 
667 -151.345 
668 -143.081 
669 -118.06 
670 -93.7861 
671 -69.7713 
672 -42.5019 
673 -41.8112 
674 -27.2 
675 -34.0157 
676 -36.4746 
677 -34.5399 
678 -35.4427 
679 -25.8544 
680 -11.4513 
681 -19.9906 
682 -7.17803 
683 3.2143 
684 16.8645 
685 16.8842 
686 24.1361 
687 25.1171 
688 25.8765 
689 27.2958 
690 37.9221 
691 44.197 
692 48.4857 
693 59.5094 
694 68.9265 
695 78.2495 
696 69.1292 
697 61.7765 
698 51.5366 
699 66.3261 
700 59.3624 
701 56.8905 
702 56.7164 
703 56.3908 
704 46.5224 
705 41.3629 
706 28.0296 
707 11.1797 
708 -4.96431 
709 -12.9366 
710 -27.7963 
711 -21.599 
712 -12.8643 
713 -3.64888 
714 -5.26444 
715 -4.3543 
716 3.17821 
717 -0.603449 
718 5.71061 
719 15.4024 
720 16.9574 
721 22.1975 
722 14.0069 
723 8.9129 
724 3.30623 
725 7.61819 
726 0.0450655 
727 -7.27762 
728 -13.7539 
729 -20.4462 
730 -26.6469 
731 -32.3492 
732 -37.5185 
733 -42.1575 
734 -46.246 
735 -49.776 
736 -52.7432 
737 -55.1452 
738 -56.9832 
739 -58.263 
740 -58.9958 
741 -59.197 
742 -58.8875 
743 -58.0923 
744 -56.8451 
745 -55.1804 
746 -53.1429 
747 -50.7785 
748 -48.1442 
749 -45.2952 
750 -31.2981 
751 -28.2207 
752 -21.139 
753 -7.92864 
754 -3.77354 
755 0.641904 
756 21.7283 
757 26.7956 
758 29.3482 
759 30.0986 
760 31.8338 
761 33.2793 
762 32.4183 
763 55.7755 
764 60.737 
765 62.3318 
766 69.3499 
767 78.6254 
768 69.6655 
769 76.3824 
770 67.5234 
771 81.4986 
772 75.2673 
773 76.7514 
774 88.2206 
775 81.3132 
776 84.0109 
777 105.565 
778 106.672 
779 101.81 
780 108.159 
781 95.5405 
782 70.4416 
783 73.5973 
784 44.8093 
785 29.2282 
786 17.7673 
787 -22.5105 
788 -54.8657 
789 -70.2563 
790 -95.3022 
791 -112.66 
792 -133.04 
793 -133.191 
794 -144.716 
795 -148.558 
796 -190.013 
797 -155.721 
798 -156.475 
799 -138.699 
800 -148.019 
801 -154.828 
802 -156.16 
803 -111.812 
804 -132.518 
805 -82.7784 
806 -25.3335 
807 7.01444 
808 14.9296 
809 21.5734 
810 20.1357 
811 -7.33992 
812 6.23082 
813 34.1852 
814 31.7999 
815 15.9058 
816 11.173 
817 42.5355 
818 138.027 
819 117.606 
820 88.8896 
821 92.0324 
822 112.245 
823 124.678 
824 123.84 
825 105.076 
826 92.3917 
827 79.4314 
828 77.9077 
829 56.3354 
830 40.4558 
831 40.3726 
832 72.0297 
833 76.7311 
834 68.2206 
835 66.3053 
836 56.032 
837 56.0189 
838 22.3837 
839 14.3801 
840 19.0174 
841 4.5495 
842 -37.2072 
843 -50.4989 
844 -63.8088 
845 -50.279 
846 -41.3924 
847 -40.2894 
848 -56.6439 
849 -50.6253 
850 -47.3793 
851 -33.6872 
852 -37.4945 
853 -27.4897 
854 -52.9204 
855 -52.0776 
856 -33.117 
857 -43.6261 
858 -36.3963 
859 -18.5936 
860 -33.7282 
861 -40.9747 
862 -48.3542 
863 -52.2523 
864 -33.6994 
865 -42.594 
866 -47.4679 
867 -45.1637 
868 -53.7941 
869 -60.8233 
870 -65.1794 
871 -64.5376 
872 -63.3392 
873 -36.872 
874 -33.3872 
875 -35.7855 
876 -37.6303 
877 -37.1203 
878 -10.4594 
879 11.6759 
880 15.0634 
881 25.819 
882 40.815 
883 46.2636 
884 48.4331 
885 51.2321 
886 53.3391 
887 55.2327 
888 56.8221 
889 57.9775 
890 59.6122 
891 59.6024 
892 58.8664 
893 57.2859 
894 55.5871 
895 52.0625 
896 47.4469 
897 41.6526 
898 34.5967 
899 60.2313 
900 86.4763 
901 93.2959 
902 80.6237 
903 98.735 
904 87.5756 
905 70.235 
906 51.2807 
907 32.984 
908 45.0533 
909 63.1605 
910 37.6241 
911 11.8252 
912 -8.60873 
913 -13.1897 
914 -7.88324 
915 -35.3959 
916 -44.8916 
917 -56.1605 
918 -43.0956 
919 -40.2577 
920 -55.549 
921 -72.5319 
922 -97.4121 
923 -106.656 
924 -124.672 
925 -143.334 
926 -132.347 
927 -144.121 
928 -143.439 
929 -136.43 
930 -105.086 
931 -96.745 
932 -124.307 
933 -100.618 
934 -97.0898 
935 -47.3651 
936 -55.1932 
937 -43.3958 
938 -16.0373 
939 -10.0451 
940 11.2125 
941 31.2039 
942 25.2597 
943 36.3482 
944 38.6008 
945 49.6881 
946 45.5571 
947 35.6552 
948 34.7657 
949 50.9385 
950 66.0678 
951 72.3159 
952 122.996 
953 186.185 
954 174.115 
955 196.696 
956 173.651 
957 155.643 
958 139.411 
959 104.243 
960 60.6048 
961 25.8128 
962 27.56 
963 65.4923 
964 55.829 
965 55.7442 
966 82.7968 
967 86.6583 
968 48.4411 
969 16.9319 
970 2.46818 
971 -30.7423 
972 -70.942 
973 -77.706 
974 -62.9613 
975 -11.0602 
976 -24.8495 
977 -39.3444 
978 -87.3988 
979 -122.127 
980 -135.885 
981 -109.993 
982 -86.6201 
983 -58.8989 
984 -85.8117 
985 -104.716 
986 -47.8087 
987 -52.0027 
988 -79.6988 
989 -111.054 
990 -118.305 
991 -104.952 
992 -115.475 
993 -107.521 
994 -99.5201 
995 -111.057 
996 -114.746 
997 -72.6989 
998 -26.7842 
999 -23.4818 
1000 8.27531 
1001 19.8758 
1002 14.3202 
1003 4.13044 
1004 -3.52928 
1005 13.6776 
1006 22.5909 
1007 56.2943 
1008 65.3866 
1009 82.7918 
1010 96.6702 
1011 96.9176 
1012 115.054 
1013 113.948 
1014 122.893 
1015 129.446 
1016 145.056 
1017 152.696 
1018 156.001 
1019 164.041 
1020 161.156 
1021 177.225 
1022 166.301 
1023 147.484 
1024 136.808 
1025 119.934 
1026 99.2894 
1027 65.6241 
1028 38.8101 
1029 28.241 
1030 20.9395 
1031 13.8565 
1032 -45.1295 
1033 -82.6075 
1034 -135.235 
1035 -125.337 
1036 -152.405 
1037 -204.294 
1038 -219.027 
1039 -242.292 
1040 -203.239 
1041 -180.89 
1042 -157.425 
1043 -178.4 
1044 -187.731 
1045 -171.909 
1046 -178.091 
1047 -115.918 
1048 -111.825 
1049 -90.9612 
1050 -88.4644 
1051 -105.689 
1052 -148.336 
1053 -124.525 
1054 -131.626 
1055 0.474366 
1056 99.4982 
1057 175.502 
1058 181.408 
1059 191.98 
1060 157.438 
1061 199.739 
1062 249.797 
1063 252.554 
1064 193.013 
1065 180.465 
1066 141.714 
1067 142.612 
1068 171.228 
1069 102.275 
1070 129.483 
1071 136.52 
1072 165.375 
1073 126.175 
1074 113.731 
1075 56.3535 
1076 -5.31014 
1077 -33.6978 
1078 -79.8128 
1079 -117.543 
1080 -107.542 
1081 -97.8436 
1082 -124.648 
1083 -173.236 
1084 -230.339 
1085 -281.107 
1086 -277.08 
1087 -190.955 
1088 -98.0026 
1089 -70.2474 
1090 -74.9869 
1091 -84.0686 
1092 -59.9087 
1093 -21.1604 
1094 -11.8823 
1095 -2.10643 
1096 16.693 
1097 4.28147 
1098 15.0854 
1099 24.2737 
1100 63.1792 
1101 73.1798 
1102 84.4193 
1103 97.1888 
1104 62.8574 
1105 40.5026 
1106 19.9417 
1107 18.6611 
1108 64.7975 
1109 93.1576 
1110 81.8981 
1111 86.3455 
1112 87.9763 
1113 77.7455 
1114 54.6172 
1115 64.9931 
1116 46.1419 
1117 31.6786 
1118 18.1828 
1119 14.9787 
1120 9.85301 
1121 -0.865956 
1122 -23.1898 
1123 -20.4906 
1124 -29.9731 
1125 -4.94586 
1126 25.7083 
1127 19.7596 
1128 8.31185 
1129 -17.8821 
1130 -34.5352 
1131 -47.8145 
1132 -40.3574 
1133 -49.043 
1134 -58.1661 
1135 -62.4029 
1136 -78.2835 
1137 -91.2138 
1138 -80.5546 
1139 -79.7398 
1140 -83.9585 
1141 -79.0753 
1142 -76.0952 
1143 -61.1403 
1144 -61.9133 
1145 -76.2662 
1146 -62.4245 
1147 -45.1622 
1148 -57.3212 
1149 -46.7878 
1150 -56.1173 
1151 -49.5053 
1152 -38.5104 
1153 -0.220625 
1154 34.3765 
1155 88.6283 
1156 124.048 
1157 127.795 
1158 126.696 
1159 124.234 
1160 112.66 
1161 114.881 
1162 110.09 
1163 133.998 
1164 117.764 
1165 116.429 
1166 131.195 
1167 149.346 
1168 146.231 
1169 145.881 
1170 108.895 
1171 79.9552 
1172 132.611 
1173 94.4074 
1174 57.8139 
1175 24.2567 
1176 -19.3534 
1177 -97.6422 
1178 -112.85 
1179 -201.256 
1180 -243.158 
1181 -272.895 
1182 -361.812 
1183 -307.342 
1184 -222.473 
1185 -108.415 
1186 -66.33 
1187 -75.7085 
1188 -4.69364 
1189 -14.3627 
1190 -30.7496 
1191 -50.9264 
1192 -80.0261 
1193 -65.2143 
1194 -33.4617 
1195 -12.6141 
1196 -44.8681 
1197 -22.9906 
1198 -29.6001 
1199 40.0126 
1200 143.797 
1201 201.53 
1202 193.839 
1203 200.53 
1204 168.323 
1205 139.873 
1206 108.359 
1207 60.2931 
1208 64.8064 
1209 30.2715 
1210 51.5755 
1211 72.3554 
1212 60.4273 
1213 73.517 
1214 76.9905 
1215 10.8357 
1216 -18.8172 
1217 -29.2126 
1218 -95.1523 
1219 -115.31 
1220 -85.8097 
1221 -82.2468 
1222 -106.754 
1223 -116.873 
1224 -96.9163 
1225 -18.0434 
1226 -14.2706 
1227 -23.9576 
1228 -20.1185 
1229 -13.4053 
1230 -56.423 
1231 -57.5008 
1232 -37.2577 
1233 -25.874 
1234 -35.1583 
1235 -4.56602 
1236 21.5194 
1237 44.9703 
1238 59.4292 
1239 82.9995 
1240 87.5558 
1241 77.8284 
1242 60.1347 
1243 38.8064 
1244 14.5184 
1245 48.1217 
1246 58.2187 
1247 52.6849 
1248 40.4469 
1249 33.403 
1250 18.1962 
1251 23.6501 
1252 6.59405 
1253 1.78906 
1254 10.4602 
1255 30.1727 
1256 20.3503 
1257 30.0537 
1258 16.7985 
1259 -3.66602 
1260 -36.2408 
1261 -56.8954 
1262 -72.8438 
1263 -74.5108 
1264 -77.4097 
1265 -82.309 
1266 -88.2567 
1267 -96.0591 
1268 -87.8032 
1269 -94.5382 
1270 -68.395 
1271 -51.2561 
1272 -48.5307 
1273 -44.4178 
1274 -25.8798 
1275 -29.066 
1276 -20.6842 
1277 -17.1266 
1278 -20.646 
1279 -16.9772 
1280 -17.5033 
1281 1.67488 
1282 11.5688 
1283 20.1351 
1284 24.3576 
1285 36.9683 
1286 40.7294 
1287 55.5567 
1288 56.9991 
1289 66.865 
1290 74.0004 
1291 81.5225 
1292 83.6529 
1293 83.0515 
1294 85.4423 
1295 83.3054 
1296 89.59 
1297 79.9028 
1298 61.5267 
1299 49.5032 
1300 65.5657 
1301 52.6701 
1302 46.0262 
1303 23.5296 
1304 43.8413 
1305 54.7126 
1306 42.0609 
1307 34.3941 
1308 24.0874 
1309 -0.291828 
1310 12.0943 
1311 -18.0211 
1312 -48.3724 
1313 -78.7347 
1314 -91.698 
1315 -113.085 
1316 -92.6312 
1317 -56.4091 
1318 -99.8091 
1319 -119.558 
1320 -111.796 
1321 -100.844 
1322 -88.6771 
1323 -88.6994 
1324 -82.0618 
1325 -85.9453 
1326 -76.8865 
1327 -47.7545 
1328 -22.5773 
1329 17.9752 
1330 24.1746 
1331 -1.14339 
1332 -24.2498 
1333 -36.1919 
1334 -27.8698 
1335 -71.3535 
1336 -46.2678 
1337 -17.3101 
1338 28.5627 
1339 44.6178 
1340 47.1735 
1341 47.6284 
1342 65.1912 
1343 80.8096 
1344 35.7503 
1345 22.3191 
1346 56.1402 
1347 87.8772 
1348 43.2131 
1349 61.1808 
1350 62.7941 
1351 75.878 
1352 87.1003 
1353 77.0528 
1354 44.1717 
1355 64.9198 
1356 55.5073 
1357 51.274 
1358 9.91117 
1359 -9.55851 
1360 -6.34819 
1361 36.4251 
1362 61.1713 
1363 67.1619 
1364 82.804 
1365 53.6729 
1366 42.4823 
1367 14.5156 
1368 2.29852 
1369 7.43759 
1370 32.2455 
1371 9.47681 
1372 12.9569 
1373 -6.84126 
1374 -41.068 
1375 -44.8263 
1376 -97.0426 
1377 -114.094 
1378 -134.084 
1379 -146.364 
1380 -125.804 
1381 -124.163 
1382 -84.7606 
1383 -101.745 
1384 -108.217 
1385 -80.3071 
1386 -56.8129 
1387 -31.2408 
1388 -53.6882 
1389 -63.9539 
1390 -27.2341 
1391 -43.3275 
1392 -18.9349 
1393 -10.0632 
1394 1.67617 
1395 -3.13432 
1396 4.36545 
1397 12.7525 
1398 10.8648 
1399 32.7245 
1400 26.5703 
1401 14.6829 
1402 19.7671 
1403 5.16713 
1404 28.9489 
1405 68.2203 
1406 83.7059 
1407 88.4706 
1408 86.5979 
1409 93.6214 
1410 88.752 
1411 92.2133 
1412 86.8643 
1413 95.6905 
1414 95.9133 
1415 82.5822 
1416 66.786 
1417 52.5423 
1418 54.1247 
1419 47.4928 
1420 35.83 
1421 20.2711 
1422 9.88255 
1423 -2.80905 
1424 -8.14263 
1425 -9.29446 
1426 -20.7974 
1427 -5.82135 
1428 -16.4876 
1429 -30.7388 
1430 -31.6048 
1431 -19.9738 
1432 -29.8557 
1433 -37.6043 
1434 -54.2938 
1435 -67.6342 
1436 -65.4559 
1437 -45.224 
1438 -35.305 
1439 -17.6405 
1440 -17.6131 
1441 -25.816 
1442 -52.4733 
1443 -105.318 
1444 -59.7139 
1445 -13.3319 
1446 -55.2725 
1447 -69.6483 
1448 -88.3996 
1449 -148.669 
1450 -183.569 
1451 -180.157 
1452 -227.204 
1453 -216.613 
1454 -139.81 
1455 -63.2531 
1456 35.8751 
1457 63.9507 
1458 83.2363 
1459 135.108 
1460 154.685 
1461 189.553 
1462 224.339 
1463 228.458 
1464 162.132 
1465 157.08 
1466 181.623 
1467 238.673 
1468 268.142 
1469 209.028 
1470 170.322 
1471 145.397 
1472 72.9205 
1473 17.6366 
1474 -7.52482 
1475 -54.3539 
1476 -115.759 
1477 -105.772 
1478 -144.545 
1479 -156.155 
1480 -154.196 
1481 -143.804 
1482 -135.908 
1483 -144.099 
1484 -111.153 
1485 -93.0104 
1486 -54.0923 
1487 -56.8768 
1488 -49.7617 
1489 -3.63753 
1490 33.2453 
1491 38.3572 
1492 1.40984 
1493 -35.7631 
1494 -31.1825 
1495 -19.7439 
1496 -38.7957 
1497 -53.4576 
1498 -49.8896 
1499 -52.6582 
1500 -32.0102 
1501 -1.8331 
1502 2.4182 
1503 -13.851 
1504 -5.69771 
1505 -5.2169 
1506 47.6369 
1507 92.3846 
1508 84.249 
1509 89.1884 
1510 87.2309 
1511 88.0468 
1512 66.4783 
1513 58.3141 
1514 72.4116 
1515 80.3795 
1516 60.4953 
1517 62.7857 
1518 47.4583 
1519 36.9281 
1520 7.25348 
1521 -3.94078 
1522 -5.67995 
1523 -19.4211 
1524 -24.6742 
1525 -27.6817 
1526 -3.63904 
1527 -25.7673 
1528 -42.2796 
1529 -63.5665 
1530 -61.0281 
1531 -68.164 
1532 -72.4702 
1533 -68.441 
1534 -70.6746 
1535 -74.8676 
1536 -51.0234 
1537 -52.2446 
1538 -47.0425 
1539 -34.4295 
1540 -11.0268 
1541 0.839569 
1542 0.034937 
1543 0.619706 
1544 19.6438 
1545 22.5498 
1546 38.5727 
1547 35.1391 
1548 34.263 
1549 39.3575 
1550 46.9207 
1551 41.8453 
1552 46.6152 
1553 52.2102 
1554 47.1973 
1555 41.7441 
1556 44.7081 
1557 40.2442 
1558 40.0054 
1559 33.0251 
1560 25.7691 
1561 16.6588 
1562 5.35783 
1563 2.98893 
1564 -7.38267 
1565 -15.5296 
1566 -20.9803 
1567 -23.1907 
1568 -35.4096 
1569 -39.6514 
1570 -44.8601 
1571 -62.3356 
1572 -54.6058 
1573 -44.351 
1574 -50.2822 
1575 -58.8575 
1576 -63.7556 
1577 -53.9421 
1578 -67.6422 
1579 -40.7084 
1580 12.8591 
1581 24.8341 
1582 13.0397 
1583 -3.62595 
1584 -12.2136 
1585 4.09839 
1586 14.5831 
1587 22.3948 
1588 13.6989 
1589 30.5008 
1590 71.9759 
1591 79.9482 
1592 76.7107 
1593 89.8035 
1594 84.8339 
1595 65.0553 
1596 39.4959 
1597 52.9895 
1598 60.4022 
1599 114.364 
1600 114.246 
1601 81.3815 
1602 47.7417 
1603 4.96086 
1604 -9.98897 
1605 -23.07 
1606 5.35603 
1607 -37.4475 
1608 -49.1582 
1609 -83.7218 
1610 -125.125 
1611 -100.821 
1612 -160.509 
1613 -145.052 
1614 -121.859 
1615 -155.804 
1616 -177.802 
1617 -147.167 
1618 -114.392 
1619 -94.9168 
1620 -48.245 
1621 -8.22458 
1622 34.0275 
1623 58.6526 
1624 68.6271 
1625 54.3916 
1626 44.7861 
1627 41.273 
1628 49.2739 
1629 35.3482 
1630 4.31181 
1631 -7.37984 
1632 -24.6148 
1633 8.15865 
1634 5.85248 
1635 14.1173 
1636 54.0736 
1637 113.741 
1638 146.671 
1639 154.074 
1640 145.902 
1641 138.168 
1642 119.523 
1643 87.5814 
1644 71.1971 
1645 50.2939 
1646 83.7963 
1647 96.8584 
1648 90.3942 
1649 80.2565 
1650 77.4578 
1651 54.648 
1652 41.7359 
1653 9.86754 
1654 -33.4535 
1655 -53.2879 
1656 -75.4303 
1657 -90.1792 
1658 -117.409 
1659 -137.74 
1660 -133.857 
1661 -134.893 
1662 -120.749 
1663 -107.471 
1664 -115.178 
1665 -122.023 
1666 -126.17 
1667 -105.164 
1668 -95.3961 
1669 -93.0294 
1670 -87.476 
1671 -84.72 
1672 -77.0943 
1673 -67.8023 
1674 -63.8849 
1675 -59.0975 
1676 -43.1714 
1677 -37.4874 
1678 -16.4962 
1679 -1.69557 
1680 3.74831 
1681 22.3225 
1682 37.8486 
1683 49.4003 
1684 57.2897 
1685 71.3921 
1686 89.6827 
1687 125.462 
1688 136.592 
1689 138.774 
1690 136.168 
1691 142.58 
1692 144.477 
1693 136.372 
1694 133.15 
1695 121.406 
1696 111.972 
1697 93.7456 
1698 89.3777 
1699 76.487 
1700 74.445 
1701 58.6951 
1702 36.4316 
1703 7.42504 
1704 -16.2011 
1705 -29.5385 
1706 -66.7638 
1707 -91.2071 
1708 -85.6238 
1709 -72.4119 
1710 -45.895 
1711 -66.5385 
1712 -56.8329 
1713 -55.0104 
1714 -73.5208 
1715 -111.596 
1716 -92.7225 
1717 -66.8134 
1718 -87.4271 
1719 -78.9487 
1720 -57.2118 
1721 -44.1747 
1722 -33.9483 
1723 14.7277 
1724 -3.63543 
1725 -11.7487 
1726 -30.8189 
1727 -29.9122 
1728 -36.9322 
1729 -49.0386 
1730 -74.7261 
1731 -64.3502 
1732 -60.5037 
1733 -48.9399 
1734 -40.1447 
1735 36.0948 
1736 26.7184 
1737 20.821 
1738 7.13264 
1739 25.1375 
1740 26.0522 
1741 30.2461 
1742 -18.3797 
1743 -16.8624 
1744 18.7514 
1745 52.0343 
1746 98.9102 
1747 88.0305 
1748 71.9968 
1749 73.7406 
1750 46.24 
1751 26.8047 
1752 14.9912 
1753 12.186 
1754 1.43405 
1755 19.7703 
1756 24.9502 
1757 39.2771 
1758 16.7871 
1759 32.0656 
1760 31.1298 
1761 49.8496 
1762 36.5263 
1763 65.0251 
1764 26.5041 
1765 37.747 
1766 42.1896 
1767 35.5068 
1768 4.22806 
1769 10.8184 
1770 13.1037 
1771 -12.2562 
1772 21.2604 
1773 2.51257 
1774 1.1304 
1775 9.34398 
1776 16.0127 
1777 5.85963 
1778 -2.85215 
1779 -6.89725 
1780 -27.7088 
1781 -61.3552 
1782 -66.2632 
1783 -79.3885 
1784 -47.0802 
1785 -69.8556 
1786 -101.17 
1787 -89.6359 
1788 -81.8982 
1789 -62.5623 
1790 -38.7707 
1791 -53.4218 
1792 -48.0516 
1793 -47.3538 
1794 -67.5497 
1795 -49.2589 
1796 -23.9694 
1797 1.49227 
1798 22.6408 
1799 14.4505 
1800 18.7375 
1801 7.07512 
1802 11.5798 
1803 10.5352 
1804 -0.0774748 
1805 11.655 
1806 12.899 
1807 -2.3371 
1808 -7.3881 
1809 -3.65415 
1810 -7.57546 
1811 -5.8578 
1812 -5.039 
1813 3.83759 
1814 5.25766 
1815 19.9595 
1816 34.0209 
1817 43.6702 
1818 47.8778 
1819 45.9654 
1820 51.491 
1821 65.2705 
1822 65.4539 
1823 59.0581 
1824 52.8947 
1825 50.6033 
1826 51.8811 
1827 45.8586 
1828 56.8259 
1829 60.4097 
1830 55.2937 
1831 50.4023 
1832 44.3236 
1833 43.148 
1834 41.4938 
1835 32.7372 
1836 32.4963 
1837 22.0483 
1838 31.3094 
1839 18.7584 
1840 9.71571 
1841 -2.93941 
1842 -17.8826 
1843 -32.018 
1844 -38.9505 
1845 -32.9458 
1846 -38.7125 
1847 -61.7114 
1848 -74.541 
1849 -74.8552 
1850 -83.1436 
1851 -72.5508 
1852 -83.3463 
1853 -93.4947 
1854 -86.7255 
1855 -80.7018 
1856 -106.541 
1857 -88.4949 
1858 -63.4691 
1859 -38.9043 
1860 -40.3928 
1861 -56.1619 
1862 -53.2934 
1863 -43.1924 
1864 -41.456 
1865 -38.0462 
1866 -22.5615 
1867 3.351 
1868 -19.9951 
1869 -5.43548 
1870 -20.1446 
1871 -9.34893 
1872 -0.597906 
1873 57.8614 
1874 65.6173 
1875 42.6263 
1876 32.1844 
1877 21.657 
1878 49.45 
1879 52.1355 
1880 47.0292 
1881 79.918 
1882 158.996 
1883 150.685 
1884 124.574 
1885 73.9907 
1886 77.6289 
1887 65.3186 
1888 56.356 
1889 55.9756 
1890 122.574 
1891 95.7871 
1892 82.7224 
1893 5.78442 
1894 -35.99 
1895 -34.4055 
1896 -13.1293 
1897 61.4327 
1898 57.3093 
1899 40.2912 
1900 7.80366 
1901 -28.0576 
1902 -47.3029 
1903 -57.9113 
1904 -16.2094 
1905 -5.88487 
1906 -0.867324 
1907 -18.054 
1908 -47.2811 
1909 -83.7541 
1910 -127.319 
1911 -120.985 
1912 -140.999 
1913 -147.012 
1914 -165.546 
1915 -97.0705 
1916 -32.6177 
1917 -57.1661 
1918 -57.6569 
1919 -66.0775 
1920 -43.6763 
1921 -36.1412 
1922 6.44076 
1923 -5.59437 
1924 -9.15566 
1925 -32.7124 
1926 -32.282 
1927 -50.7435 
1928 -40.8181 
1929 4.00531 
1930 46.6084 
1931 88.5679 
1932 86.4861 
1933 95.0253 
1934 88.8826 
1935 63.2123 
1936 62.4076 
1937 47.2172 
1938 37.0275 
1939 24.5853 
1940 38.4708 
1941 74.4352 
1942 56.626 
1943 41.9192 
1944 24.9478 
1945 19.0839 
1946 12.8552 
1947 22.8292 
1948 21.8325 
1949 10.9253 
1950 3.63993 
1951 -1.49676 
1952 -5.32913 
1953 -10.1428 
1954 -11.2889 
1955 -14.6584 
1956 -20.3061 
1957 -25.429 
1958 -21.4898 
1959 -17.3906 
1960 -12.7992 
1961 -8.11458 
1962 -4.94088 
1963 -5.75344 
1964 9.12497 
1965 15.9431 
1966 17.0721 
1967 26.9816 
1968 29.8577 
1969 33.4836 
1970 32.8365 
1971 32.394 
1972 29.8262 
1973 26.4047 
1974 25.0961 
1975 20.1633 
1976 15.7688 
1977 13.1724 
1978 5.23148 
1979 0.70361 
1980 -7.05638 
1981 -17.0926 
1982 -28.2508 
1983 -17.8741 
1984 -30.1083 
1985 -34.2923 
1986 -51.1691 
1987 -66.8744 
1988 -77.2425 
1989 -98.004 
1990 -108.383 
1991 -111.905 
1992 -117.679 
1993 -95.0092 
1994 -81.4045 
1995 -67.457 
1996 -70.9418 
1997 -18.7455 
1998 34.364 
1999 80.0484 
2000 88.25 
2001 99.042 
2002 87.6896 
2003 58.8002 
2004 43.8743 
2005 41.9258 
2006 55.1925 
2007 72.6966 
2008 90.4251 
2009 93.3196 
2010 68.7871 
2011 10.0199 
2012 -35.8747 
2013 -75.6639 
2014 -93.8196 
2015 -136.279 
2016 -145.385 
2017 -161.954 
2018 -142.902 
2019 -159.737 
2020 -113.036 
2021 -67.1923 
2022 -14.6741 
2023 94.2515 
2024 159.929 
2025 129.204 
2026 138.131 
2027 201.465 
2028 208.969 
2029 165.302 
2030 133.528 
2031 116.108 
2032 93.2036 
2033 42.5728 
2034 73.6696 
2035 96.5451 
2036 84.7402 
2037 83.4949 
2038 81.9355 
2039 42.2826 
2040 -12.8541 
2041 -12.8746 
2042 -31.2936 
2043 -71.1345 
2044 -46.8757 
2045 19.3608 
2046 11.8076 
2047 15.4037 
2048 -1.07177 
2049 -16.6012 
2050 -46.1248 
2051 -83.4106 
2052 -89.1814 
2053 -86.2442 
2054 -51.9706 
2055 -105.687 
2056 -124.504 
2057 -129.966 
2058 -150.233 
2059 -180.258 
2060 -177.756 
2061 -149.187 
2062 -154.273 
2063 -151.307 
2064 -142.043 
2065 -134.948 
2066 -127.157 
2067 -106.934 
2068 -100.762 
2069 -72.8029 
2070 -28.8439 
2071 -14.1688 
2072 -5.87684 
2073 5.14826 
2074 17.1111 
2075 35.0044 
2076 39.9377 
2077 70.3111 
2078 148.932 
2079 155.405 
2080 157.443 
2081 156.256 
2082 163.864 
2083 163.99 
2084 160.962 
2085 160.114 
2086 160.687 
2087 177.327 
2088 171.792 
2089 160.24 
2090 150.744 
2091 144.679 
2092 132.429 
2093 128.889 
2094 114.357 
2095 93.2417 
2096 91.6569 
2097 85.826 
2098 75.2782 
2099 50.8493 
2100 20.5817 
2101 -3.87722 
2102 -35.9709 
2103 -54.2414 
2104 -58.8222 
2105 -60.2458 
2106 -56.8372 
2107 -70.5184 
2108 -76.5086 
2109 -84.1239 
2110 -98.9764 
2111 -126.171 
2112 -173.932 
2113 -194.54 
2114 -226.024 
2115 -236.672 
2116 -231.286 
2117 -220.362 
2118 -226.702 
2119 -236.113 
2120 -210.882 
2121 -172.798 
2122 -154.765 
2123 -72.0699 
2124 -36.4049 
2125 -6.25128 
2126 9.60196 
2127 -16.8412 
2128 -2.54374 
2129 24.8953 
2130 15.1209 
2131 18.6428 
2132 18.9059 
2133 34.9407 
2134 30.594 
2135 55.7994 
2136 82.7165 
2137 126.998 
2138 130.407 
2139 171.913 
2140 187.789 
2141 168.816 
2142 141.385 
2143 110.688 
2144 103.129 
2145 85.6163 
2146 73.8668 
2147 24.5043 
2148 38.1588 
2149 34.3666 
2150 50.1736 
2151 57.4276 
2152 58.5857 
2153 83.7092 
2154 120.065 
2155 132.823 
2156 156.16 
2157 132.754 
2158 91.8854 
2159 66.338 
2160 58.4975 
2161 42.0478 
2162 6.17348 
2163 -23.7415 
2164 -42.715 
2165 -36.5696 
2166 -31.0307 
2167 -30.4272 
2168 -79.5937 
2169 -93.0745 
2170 -58.7175 
2171 23.5188 
2172 37.9735 
2173 29.9601 
2174 0.793935 
2175 -19.616 
2176 -38.5804 
2177 -67.331 
2178 -103.691 
2179 -131.325 
2180 -142.97 
2181 -147.139 
2182 -145.194 
2183 -155.644 
2184 -180.932 
2185 -154.875 
2186 -146.824 
2187 -133.055 
2188 -126.939 
2189 -132.482 
2190 -131.183 
2191 -133.856 
2192 -123.349 
2193 -124.914 
2194 -108.894 
2195 -91.7754 
2196 -81.6182 
2197 -71.7321 
2198 -58.4078 
2199 -43.3562 
2200 -15.4975 
2201 20.9699 
2202 37.8955 
2203 51.0631 
2204 60.3354 
2205 78.4778 
2206 95.7515 
2207 118.021 
2208 141.947 
2209 182.096 
2210 201.433 
2211 208.129 
2212 214.056 
2213 222.195 
2214 224.727 
2215 221.245 
2216 224.044 
2217 221.129 
2218 212.013 
2219 199.715 
2220 190.165 
2221 184.903 
2222 171.075 
2223 165.641 
2224 171.166 
2225 151.53 
2226 132.521 
2227 108.635 
2228 73.7808 
2229 38.0777 
2230 3.4521 
2231 -23.7574 
2232 -49.6057 
2233 -76.3318 
2234 -102.775 
2235 -151.247 
2236 -178.893 
2237 -179.791 
2238 -204.357 
2239 -239.388 
2240 -258.449 
2241 -263.049 
2242 -253.231 
2243 -251.984 
2244 -252.344 
2245 -237.48 
2246 -221.839 
2247 -213.663 
2248 -243.087 
2249 -250.245 
2250 -290.557 
2251 -276.464 
2252 -284.159 
2253 -273.574 
2254 -222.22 
2255 -160.584 
2256 -86.7839 
2257 -22.6057 
2258 -35.7486 
2259 -9.09632 
2260 27.2735 
2261 83.7794 
2262 162.74 
2263 227.099 
2264 227.887 
2265 266.947 
2266 220.024 
2267 195.37 
2268 185.441 
2269 208.697 
2270 176.406 
2271 167.437 
2272 201.468 
2273 185.278 
2274 281.554 
2275 294.884 
2276 264.563 
2277 250.488 
2278 274.96 
2279 251.185 
2280 207.268 
2281 159.418 
2282 91.6485 
2283 99.2692 
2284 123.995 
2285 121.436 
2286 115.306 
2287 125.015 
2288 148.67 
2289 134.077 
2290 89.2366 
2291 3.84456 
2292 -64.409 
2293 -114.138 
2294 -120.568 
2295 -160.93 
2296 -207.963 
2297 -201.624 
2298 -218.466 
2299 -167.459 
2300 -177.204 
2301 -201.588 
2302 -215.524 
2303 -208.345 
2304 -233.987 
2305 -256.708 
2306 -271.293 
2307 -304.01 
2308 -337.391 
2309 -315.437 
2310 -276.813 
2311 -244.86 
2312 -198.466 
2313 -180.215 
2314 -170.72 
2315 -164.607 
2316 -151.13 
2317 -105.141 
2318 -52.9158 
2319 13.8647 
2320 24.5733 
2321 15.7089 
2322 20.4367 
2323 32.1085 
2324 41.1742 
2325 55.8819 
2326 91.7392 
2327 115.584 
2328 124.016 
2329 160.853 
2330 196.197 
2331 229.751 
2332 243.711 
2333 246.581 
2334 258.459 
2335 279.847 
2336 284.753 
2337 284.585 
2338 286.86 
2339 301.8 
2340 289.234 
2341 269.104 
2342 263.755 
2343 237.749 
2344 212.253 
2345 187.654 
2346 159.743 
2347 147.63 
2348 127.339 
2349 107.406 
2350 73.1812 
2351 64.0329 
2352 33.9415 
2353 -10.3975 
2354 -44.5667 
2355 -66.0443 
2356 -94.5952 
2357 -118.843 
2358 -137.032 
2359 -188.063 
2360 -228.949 
2361 -218.172 
2362 -250.213 
2363 -317.816 
2364 -356.634 
2365 -335.523 
2366 -335.179 
2367 -340.853 
2368 -335.528 
2369 -353.408 
2370 -304.484 
2371 -274.64 
2372 -269.945 
2373 -256.083 
2374 -210.002 
2375 -170.969 
2376 -174.445 
2377 -156.057 
2378 -145.771 
2379 -110.218 
2380 -4.448 
2381 45.7136 
2382 84.8229 
2383 165.647 
2384 216.757 
2385 257.823 
2386 246.614 
2387 217.504 
2388 175.566 
2389 100.876 
2390 37.3077 
2391 107.09 
2392 154.05 
2393 191.557 
2394 192.612 
2395 215.787 
2396 218.156 
2397 210.721 
2398 146.352 
2399 142.254 
2400 112.198 
2401 172.495 
2402 198.918 
2403 211.779 
2404 168.466 
2405 148.865 
2406 137.095 
2407 124.433 
2408 144.6 
2409 147.773 
2410 170.575 
2411 159.682 
2412 129.214 
2413 92.4556 
2414 80.2898 
2415 77.033 
2416 67.5453 
2417 29.9294 
2418 7.14725 
2419 -19.5108 
2420 -89.4967 
2421 -140.446 
2422 -195.809 
2423 -247.15 
2424 -285.043 
2425 -317.886 
2426 -350.848 
2427 -325.959 
2428 -273.536 
2429 -226.833 
2430 -229.682 
2431 -227.574 
2432 -188.6 
2433 -188.362 
2434 -181.615 
2435 -178.472 
2436 -176.938 
2437 -195.481 
2438 -209.634 
2439 -208.396 
2440 -210.258 
2441 -188.882 
2442 -158.768 
2443 -102.53 
2444 -79.5102 
2445 -58.782 
2446 -36.7988 
2447 5.60658 
2448 40.0424 
2449 45.1526 
2450 61.4084 
2451 104.521 
2452 127.928 
2453 165.728 
2454 185.504 
2455 226.565 
2456 261.964 
2457 281.195 
2458 289.703 
2459 298.272 
2460 301.545 
2461 303.004 
2462 316.808 
2463 314.415 
2464 307.023 
2465 294.899 
2466 285.357 
2467 276.387 
2468 252.03 
2469 230.405 
2470 205.887 
2471 173.128 
2472 156.046 
2473 128.742 
2474 71.8595 
2475 16.8696 
2476 -20.6622 
2477 -61.8891 
2478 -117.882 
2479 -161.961 
2480 -211.25 
2481 -246.382 
2482 -246.326 
2483 -271.894 
2484 -310.259 
2485 -285.175 
2486 -275.965 
2487 -285.638 
2488 -266.341 
2489 -282.927 
2490 -289.308 
2491 -245.377 
2492 -203.194 
2493 -193.194 
2494 -124.511 
2495 -74.9241 
2496 -69.438 
2497 -118.593 
2498 -134.545 
2499 -130.014 
2500 -144.845 
2501 -112.318 
2502 -102.537 
2503 -137.32 
2504 -64.5198 
2505 31.357 
2506 64.5514 
2507 136.662 
2508 155.43 
2509 120.449 
2510 121.652 
2511 130.624 
2512 110.783 
2513 86.6088 
2514 91.8707 
2515 111.357 
2516 134.503 
2517 131.87 
2518 90.6673 
2519 102.628 
2520 159.929 
2521 115.771 
2522 135.908 
2523 128.476 
2524 137.725 
2525 146.845 
2526 133.752 
2527 196.299 
2528 186.964 
2529 134.969 
2530 106.256 
2531 84.5188 
2532 98.4362 
2533 60.7078 
2534 23.3633 
2535 19.8658 
2536 18.723 
2537 10.0675 
2538 23.5787 
2539 60.4656 
2540 93.1908 
2541 68.8206 
2542 59.6964 
2543 50.4753 
2544 7.69066 
2545 -46.3383 
2546 -85.1934 
2547 -107.065 
2548 -138.35 
2549 -127.353 
2550 -121.581 
2551 -131.051 
2552 -124.88 
2553 -150.495 
2554 -178.819 
2555 -192.389 
2556 -203.535 
2557 -193.998 
2558 -187.318 
2559 -175.84 
2560 -164.708 
2561 -152.373 
2562 -164.88 
2563 -174.099 
2564 -139.064 
2565 -117.754 
2566 -111.01 
2567 -107.314 
2568 -105.711 
2569 -95.3879 
2570 -93.3947 
2571 -72.6124 
2572 -30.726 
2573 2.81024 
2574 15.1979 
2575 47.5753 
2576 88.642 
2577 125.434 
2578 146.445 
2579 155.81 
2580 166.418 
2581 179.802 
2582 191.862 
2583 192.398 
2584 193.839 
2585 193.776 
2586 184.141 
2587 182.425 
2588 172.663 
2589 163.653 
2590 154.932 
2591 155.413 
2592 157.215 
2593 152.288 
2594 141.748 
2595 121.457 
2596 122.845 
2597 110.285 
2598 88.8205 
2599 60.3437 
2600 39.9212 
2601 20.8349 
2602 -7.90041 
2603 -38.1954 
2604 -56.4111 
2605 -83.2394 
2606 -112.62 
2607 -113.119 
2608 -122.156 
2609 -131.474 
2610 -132.066 
2611 -144.043 
2612 -161.302 
2613 -172.203 
2614 -187.029 
2615 -186.714 
2616 -132.819 
2617 -106.857 
2618 -58.6652 
2619 -73.736 
2620 -67.9784 
2621 -92.4927 
2622 -85.941 
2623 -60.0162 
2624 -79.9661 
2625 -86.2685 
2626 -86.4583 
2627 -43.6013 
2628 -9.42171 
2629 8.72212 
2630 -2.98781 
2631 -31.8928 
2632 2.66309 
2633 12.0682 
2634 0.272101 
2635 6.06265 
2636 22.1858 
2637 24.1271 
2638 -5.27391 
2639 -1.23687 
2640 -5.11902 
2641 13.6205 
2642 54.2461 
2643 53.8783 
2644 72.6707 
2645 72.1313 
2646 59.2021 
2647 48.6781 
2648 29.4882 
2649 17.3144 
2650 3.17202 
2651 -3.66027 
2652 9.98932 
2653 47.8174 
2654 51.8745 
2655 66.7363 
2656 108.455 
2657 122.486 
2658 146.074 
2659 143.662 
2660 151.988 
2661 143.787 
2662 149.491 
2663 140.324 
2664 143.916 
2665 131.886 
2666 95.7601 
2667 77.1555 
2668 40.2934 
2669 -5.50699 
2670 -5.42595 
2671 -31.1447 
2672 -70.641 
2673 -106.096 
2674 -123.483 
2675 -111.883 
2676 -127.765 
2677 -103.308 
2678 -88.5787 
2679 -95.6497 
2680 -76.2865 
2681 -43.959 
2682 -25.8296 
2683 -4.86561 
2684 0.170122 
2685 3.71426 
2686 -18.0957 
2687 -32.4249 
2688 -46.8375 
2689 -59.6996 
2690 -65.5764 
2691 -52.5425 
2692 -58.467 
2693 -66.0295 
2694 -93.9068 
2695 -115.788 
2696 -87.5613 
2697 -97.1252 
2698 -113.48 
2699 -128.239 
2700 -134.318 
2701 -139.943 
2702 -149.45 
2703 -129.881 
2704 -109.089 
2705 -90.7388 
2706 -42.5013 
2707 -23.2617 
2708 7.38639 
2709 50.0374 
2710 63.2773 
2711 71.9776 
2712 80.0018 
2713 78.9018 
2714 79.3194 
2715 71.6874 
2716 70.4189 
2717 73.5424 
2718 100.943 
2719 145.033 
2720 152.892 
2721 153.99 
2722 169.118 
2723 167.426 
2724 165.298 
2725 156.672 
2726 171.925 
2727 181.491 
2728 180.242 
2729 176.723 
2730 155.975 
2731 153.977 
2732 145.165 
2733 143.122 
2734 116.097 
2735 100.081 
2736 81.9352 
2737 69.467 
2738 32.6644 
2739 -2.37692 
2740 -33.8197 
2741 -41.9555 
2742 -79.1253 
2743 -108.794 
2744 -124.075 
2745 -144.818 
2746 -191.287 
2747 -223.305 
2748 -248.427 
2749 -220.123 
2750 -221.546 
2751 -195.686 
2752 -199.503 
2753 -191.343 
2754 -223.613 
2755 -278.667 
2756 -225.848 
2757 -196.988 
2758 -211.996 
2759 -196.771 
2760 -124.601 
2761 -98.5533 
2762 -76.6784 
2763 -111.031 
2764 -103.209 
2765 -78.2614 
2766 -43.3669 
2767 -36.64 
2768 31.9575 
2769 93.8394 
2770 148.444 
2771 190.218 
2772 205.81 
2773 212.28 
2774 175.892 
2775 191.114 
2776 227.22 
2777 229.987 
2778 201.892 
2779 171.82 
2780 169.151 
2781 179.97 
2782 167.057 
2783 191.894 
2784 127.07 
2785 96.4445 
2786 73.7144 
2787 81.1293 
2788 59.6776 
2789 -22.8887 
2790 -29.5225 
2791 3.54661 
2792 42.1444 
2793 54.6271 
2794 40.1049 
2795 38.4207 
2796 -5.23235 
2797 36.0712 
2798 71.6166 
2799 60.5775 
2800 2.95804 
2801 -5.70384 
2802 -33.9383 
2803 -34.804 
2804 -25.1685 
2805 -43.5262 
2806 -63.4488 
2807 -36.5455 
2808 -57.7534 
2809 -115.877 
2810 -152.871 
2811 -163.395 
2812 -145.43 
2813 -122.825 
2814 -117.229 
2815 -118.908 
2816 -141.13 
2817 -155.205 
2818 -190.604 
2819 -220.708 
2820 -216.283 
2821 -171.25 
2822 -114.602 
2823 -79.2902 
2824 -32.6368 
2825 -13.1191 
2826 1.51093 
2827 -0.240417 
2828 -10.2826 
2829 -26.4054 
2830 -24.9519 
2831 -25.1382 
2832 -25.7277 
2833 -20.4614 
2834 -16.323 
2835 -6.27244 
2836 17.8863 
2837 39.7791 
2838 74.7958 
2839 81.2174 
2840 82.7532 
2841 102.565 
2842 118.552 
2843 132.371 
2844 132.818 
2845 157.646 
2846 167.352 
2847 184.303 
2848 193.269 
2849 184.754 
2850 191.425 
2851 187.302 
2852 175.463 
2853 195.442 
2854 187.239 
2855 165.704 
2856 144.16 
2857 111.984 
2858 89.3326 
2859 90.5835 
2860 80.0413 
2861 44.1184 
2862 22.3593 
2863 4.88186 
2864 -23.8119 
2865 -36.9556 
2866 -70.4383 
2867 -129.444 
2868 -152.941 
2869 -207.434 
2870 -222.071 
2871 -225.024 
2872 -268.491 
2873 -267.706 
2874 -265.635 
2875 -261.274 
2876 -259.23 
2877 -248.901 
2878 -243.609 
2879 -169.144 
2880 -120.795 
2881 -78.7088 
2882 -79.564 
2883 -88.9537 
2884 -73.4327 
2885 27.2225 
2886 20.1831 
2887 61.2052 
2888 92.1524 
2889 107.324 
2890 145.891 
2891 155.365 
2892 178.829 
2893 145.003 
2894 129.674 
2895 111.267 
2896 77.5808 
2897 21.5109 
2898 3.08129 
2899 45.7746 
2900 5.90724 
2901 -2.94674 
2902 -31.3825 
2903 -40.2373 
2904 -49.32 
2905 -11.5846 
2906 -15.0558 
2907 -15.5982 
2908 -44.2836 
2909 -12.3679 
2910 38.0447 
2911 92.2766 
2912 77.9991 
2913 95.5116 
2914 79.159 
2915 119.818 
2916 150.227 
2917 217.189 
2918 208.751 
2919 195.895 
2920 139.627 
2921 92.1201 
2922 64.9504 
2923 20.144 
2924 -17.8116 
2925 -11.6367 
2926 -4.45941 
2927 -0.105043 
2928 -31.5856 
2929 -11.8692 
2930 -12.83 
2931 -17.0572 
2932 -32.2151 
2933 -51.9411 
2934 -56.3117 
2935 -74.073 
2936 -118.711 
2937 -119.119 
2938 -138.165 
2939 -132.869 
2940 -107.013 
2941 -107.229 
2942 -111.012 
2943 -131.206 
2944 -145.418 
2945 -146.293 
2946 -132.98 
2947 -132.804 
2948 -123.433 
2949 -84.6015 
2950 -80.6876 
2951 -71.5355 
2952 -59.6305 
2953 -32.3257 
2954 -2.5159 
2955 4.43989 
2956 10.8496 
2957 21.817 
2958 31.9729 
2959 41.0051 
2960 48.4386 
2961 71.4562 
2962 78.3788 
2963 86.4824 
2964 93.0862 
2965 93.974 
2966 99.4309 
2967 98.5693 
2968 97.7627 
2969 104.926 
2970 106.231 
2971 114.095 
2972 103.693 
2973 89.2443 
2974 97.0305 
2975 91.7761 
2976 77.5785 
2977 64.4416 
2978 49.7016 
2979 42.9633 
2980 35.5731 
2981 20.3477 
2982 -6.14977 
2983 -13.388 
2984 -0.288762 
2985 -17.8939 
2986 -21.8335 
2987 -24.7024 
2988 -42.7207 
2989 -59.2579 
2990 -48.3143 
2991 -53.1359 
2992 -58.9973 
2993 -52.8214 
2994 -44.9463 
2995 -17.1974 
2996 16.9419 
2997 -6.93727 
2998 -16.4906 
2999 -8.60046 
3000 -38.2954 
3001 -60.3299 
3002 -81.1082 
3003 -115.957 
3004 -98.8551 
3005 -28.0948 
3006 5.14045 
3007 3.51125 
3008 -37.6541 
3009 -19.7735 
3010 14.5029 
3011 -25.7245 
3012 -52.488 
3013 -49.2715 
3014 3.51738 
3015 27.8782 
3016 24.6453 
3017 41.718 
3018 113.539 
3019 120.214 
3020 101.29 
3021 67.0767 
3022 48.7227 
3023 15.1357 
3024 -19.3356 
3025 -74.8775 
3026 -85.878 
3027 -100.5 
3028 -134.048 
3029 -105.896 
3030 -156.562 
3031 -167.428 
3032 -100.127 
3033 -75.2577 
3034 -66.0574 
3035 -18.0708 
3036 3.27629 
3037 12.5113 
3038 1.08993 
3039 32.0205 
3040 66.2407 
3041 44.5358 
3042 57.9262 
3043 88.8773 
3044 135.188 
3045 147.916 
3046 159.809 
3047 163.037 
3048 167.721 
3049 117.911 
3050 96.4077 
3051 75.449 
3052 46.7196 
3053 53.2388 
3054 72.6894 
3055 82.5467 
3056 58.8109 
3057 57.6361 
3058 44.8116 
3059 24.4809 
3060 -4.2741 
3061 -15.9189 
3062 -24.2804 
3063 -45.2168 
3064 -49.5903 
3065 -57.3368 
3066 -44.9306 
3067 -43.8101 
3068 -60.8532 
3069 -49.7987 
3070 -40.2256 
3071 -69.2737 
3072 -76.6227 
3073 -86.1117 
3074 -97.1099 
3075 -106.686 
3076 -90.7767 
3077 -77.7607 
3078 -56.9744 
3079 -35.9935 
3080 -36.2535 
3081 -58.5294 
3082 -64.556 
3083 -36.897 
3084 -45.8152 
3085 -68.1455 
3086 -77.1606 
3087 -51.4946 
3088 -37.3201 
3089 -34.2725 
3090 -32.0272 
3091 -29.7181 
3092 -23.1218 
3093 -23.978 
3094 -2.75249 
3095 6.28208 
3096 23.4852 
3097 30.874 
3098 28.1033 
3099 24.4868 
3100 35.8764 
3101 49.8804 
3102 58.4475 
3103 62.3929 
3104 61.1325 
3105 57.9059 
3106 56.4146 
3107 69.7973 
3108 70.25 
3109 69.7081 
3110 81.8659 
3111 82.1567 
3112 83.3698 
3113 85.0373 
3114 81.8593 
3115 78.0344 
3116 74.6911 
3117 73.8189 
3118 74.7458 
3119 69.3627 
3120 63.4973 
3121 56.6413 
3122 48.2261 
3123 39.355 
3124 31.0315 
3125 24.8927 
3126 16.6362 
3127 1.50133 
3128 -8.00731 
3129 -18.446 
3130 -31.3068 
3131 -36.4386 
3132 -40.118 
3133 -36.6163 
3134 -39.4756 
3135 -57.8715 
3136 -74.7345 
3137 -88.7354 
3138 -98.399 
3139 -105.786 
3140 -108.513 
3141 -116.236 
3142 -125.361 
3143 -146.625 
3144 -167.357 
3145 -169.357 
3146 -143.354 
3147 -122.14 
3148 -121.137 
3149 -124.525 
3150 -121.821 
3151 -120.094 
3152 -66.3437 
3153 -9.26106 
3154 58.9953 
3155 95.2313 
3156 114.397 
3157 84.8092 
3158 91.9241 
3159 96.269 
3160 109.211 
3161 115.682 
3162 128.362 
3163 133.902 
3164 136.559 
3165 120.326 
3166 113.558 
3167 74.4593 
3168 73.1929 
3169 35.371 
3170 13.6692 
3171 19.8089 
3172 37.7858 
3173 11.2978 
3174 -6.51888 
3175 -19.4655 
3176 -70.2987 
3177 -61.7106 
3178 -53.9498 
3179 -36.1 
3180 -25.5026 
3181 14.2657 
3182 36.8705 
3183 43.6508 
3184 50.9456 
3185 49.3298 
3186 45.838 
3187 50.0442 
3188 78.4864 
3189 68.2393 
3190 73.0398 
3191 88.7629 
3192 86.3509 
3193 59.546 
3194 22.6149 
3195 8.68214 
3196 10.6086 
3197 -7.29104 
3198 -23.268 
3199 -37.9181 
3200 -35.5068 
3201 -45.1348 
3202 -53.1145 
3203 -62.1338 
3204 -68.9336 
3205 -73.0231 
3206 -76.0642 
3207 -91.8907 
3208 -90.6863 
3209 -117.01 
3210 -127.972 
3211 -117.66 
3212 -109.498 
3213 -109.131 
3214 -117.388 
3215 -125.248 
3216 -122.268 
3217 -115.859 
3218 -115.106 
3219 -96.8487 
3220 -89.2006 
3221 -78.619 
3222 -66.975 
3223 -38.2214 
3224 3.73614 
3225 17.1198 
3226 24.7005 
3227 36.2818 
3228 47.7138 
3229 64.0812 
3230 73.0211 
3231 88.9022 
3232 109.262 
3233 132.129 
3234 140.763 
3235 155.979 
3236 165.034 
3237 174.643 
3238 182.967 
3239 187.927 
3240 195.69 
3241 194.5 
3242 199.604 
3243 201.894 
3244 202.226 
3245 190.909 
3246 176.124 
3247 157.604 
3248 136.161 
3249 110.345 
3250 80.8127 
3251 48.338 
3252 16.5185 
3253 -25.447 
3254 -70.3335 
3255 -115.778 
3256 -170.52 
3257 -223.981 
3258 -281.265 
3259 -341.531 
3260 -412.947 
