0   96.7  -1.0 1749
1  104.3  -1.0 1749
2  116.7  -1.0 1749
3   92.8  -1.0 1749
4  141.7  -1.0 1749
5  139.2  -1.0 1749
6  158.0  -1.0 1749
7  110.5  -1.0 1749
8  126.5  -1.0 1749
9  125.8  -1.0 1749
10  264.3  -1.0 1749
11  142.0  -1.0 1749
12  122.2  -1.0 1750
13  126.5  -1.0 1750
14  148.7  -1.0 1750
15  147.2  -1.0 1750
16  150.0  -1.0 1750
17  166.7  -1.0 1750
18  142.3  -1.0 1750
19  171.7  -1.0 1750
20  152.0  -1.0 1750
21  109.5  -1.0 1750
22  105.5  -1.0 1750
23  125.7  -1.0 1750
24  116.7  -1.0 1751
25   72.5  -1.0 1751
26   75.5  -1.0 1751
27   94.0  -1.0 1751
28  101.2  -1.0 1751
29   84.5  -1.0 1751
30  110.5  -1.0 1751
31   99.7  -1.0 1751
32   39.2  -1.0 1751
33   38.7  -1.0 1751
34   47.5  -1.0 1751
35   73.3  -1.0 1751
36   58.3  -1.0 1752
37   83.3  -1.0 1752
38  118.3  -1.0 1752
39   98.8  -1.0 1752
40   99.5  -1.0 1752
41   66.0  -1.0 1752
42  130.7  -1.0 1752
43   48.8  -1.0 1752
44   45.2  -1.0 1752
45   77.7  -1.0 1752
46   62.7  -1.0 1752
47   66.7  -1.0 1752
48   73.3  -1.0 1753
49   53.3  -1.0 1753
50   76.2  -1.0 1753
51   63.3  -1.0 1753
52   60.0  -1.0 1753
53   52.8  -1.0 1753
54   36.7  -1.0 1753
55   65.0  -1.0 1753
56   46.7  -1.0 1753
57   41.7  -1.0 1753
58   33.3  -1.0 1753
59   11.2  -1.0 1753
60    0.0  -1.0 1754
61    5.0  -1.0 1754
62    2.8  -1.0 1754
63   22.8  -1.0 1754
64   34.5  -1.0 1754
65   44.5  -1.0 1754
66   31.3  -1.0 1754
67   20.5  -1.0 1754
68   13.7  -1.0 1754
69   40.2  -1.0 1754
70   22.0  -1.0 1754
71    7.0  -1.0 1754
72   17.0  -1.0 1755
73   18.7  -1.0 1755
74   11.3  -1.0 1755
75   10.8  -1.0 1755
76    0.0  -1.0 1755
77    0.0  -1.0 1755
78   14.3  -1.0 1755
79    5.3  -1.0 1755
80   29.7  -1.0 1755
81   39.5  -1.0 1755
82   11.3  -1.0 1755
83   33.3  -1.0 1755
84   20.8  -1.0 1756
85   11.8  -1.0 1756
86    9.0  -1.0 1756
87   15.7  -1.0 1756
88   20.8  -1.0 1756
89   21.5  -1.0 1756
90    6.0  -1.0 1756
91   10.7  -1.0 1756
92   19.7  -1.0 1756
93   23.8  -1.0 1756
94   28.3  -1.0 1756
95   15.7  -1.0 1756
96   23.5  -1.0 1757
97   35.3  -1.0 1757
98   43.7  -1.0 1757
99   50.0  -1.0 1757
100   63.5  -1.0 1757
101   21.3  -1.0 1757
102   41.7  -1.0 1757
103   85.5  -1.0 1757
104   66.2  -1.0 1757
105   54.2  -1.0 1757
106  107.8  -1.0 1757
107   55.8  -1.0 1757
108   62.7  -1.0 1758
109   86.7  -1.0 1758
110   81.7  -1.0 1758
111  120.5  -1.0 1758
112   77.3  -1.0 1758
113   75.0  -1.0 1758
114   73.3  -1.0 1758
115   64.5  -1.0 1758
116  104.2  -1.0 1758
117   62.8  -1.0 1758
118   71.7  -1.0 1758
119   71.7  -1.0 1758
120   80.5  -1.0 1759
121   73.3  -1.0 1759
122   78.0  -1.0 1759
123   78.3  -1.0 1759
124   81.7  -1.0 1759
125   83.3  -1.0 1759
126   85.0  -1.0 1759
127  118.8  -1.0 1759
128  128.7  -1.0 1759
129   99.5  -1.0 1759
130   77.2  -1.0 1759
131   95.0  -1.0 1759
132  112.2  -1.0 1760
133   99.2  -1.0 1760
134  124.5  -1.0 1760
135   97.2  -1.0 1760
136  120.0  -1.0 1760
137   80.5  -1.0 1760
138  110.0  -1.0 1760
139  126.0  -1.0 1760
140  102.2  -1.0 1760
141   84.3  -1.0 1760
142   99.5  -1.0 1760
143  101.7  -1.0 1760
144  116.7  -1.0 1761
145  151.7  -1.0 1761
146  134.5  -1.0 1761
147  119.5  -1.0 1761
148  178.7  -1.0 1761
149  165.5  -1.0 1761
150  156.8  -1.0 1761
151  151.8  -1.0 1761
152  167.8  -1.0 1761
153  147.8  -1.0 1761
154  149.5  -1.0 1761
155   76.7  -1.0 1761
156   73.0  -1.0 1762
157  121.3  -1.0 1762
158   76.2  -1.0 1762
159  100.3  -1.0 1762
160   66.5  -1.0 1762
161  128.5  -1.0 1762
162   56.3  -1.0 1762
163  112.8  -1.0 1762
164  114.2  -1.0 1762
165  115.5  -1.0 1762
166  129.7  -1.0 1762
167  128.7  -1.0 1762
168   94.2  -1.0 1763
169   53.2  -1.0 1763
170   57.0  -1.0 1763
171   54.8  -1.0 1763
172   54.5  -1.0 1763
173   59.7  -1.0 1763
174   90.3  -1.0 1763
175   44.2  -1.0 1763
176  113.5  -1.0 1763
177   77.2  -1.0 1763
178  101.5  -1.0 1763
179  102.3  -1.0 1763
180   99.5  -1.0 1764
181   99.5  -1.0 1764
182   67.0  -1.0 1764
183   57.3  -1.0 1764
184   73.8  -1.0 1764
185   50.0  -1.0 1764
186   50.0  -1.0 1764
187   50.0  -1.0 1764
188   47.0  -1.0 1764
189   46.7  -1.0 1764
190   43.3  -1.0 1764
191   42.8  -1.0 1764
192   40.0  -1.0 1765
193   43.3  -1.0 1765
194   41.7  -1.0 1765
195   36.7  -1.0 1765
196   33.7  -1.0 1765
197   33.3  -1.0 1765
198   45.0  -1.0 1765
199   49.5  -1.0 1765
200   26.7  -1.0 1765
201   23.3  -1.0 1765
202   23.3  -1.0 1765
203   21.7  -1.0 1765
204   20.0  -1.0 1766
205   18.3  -1.0 1766
206   61.0  -1.0 1766
207   10.0  -1.0 1766
208   44.7  -1.0 1766
209    5.0  -1.0 1766
210    5.5  -1.0 1766
211    6.7  -1.0 1766
212    7.2  -1.0 1766
213    8.3  -1.0 1766
214    9.5  -1.0 1766
215   32.0  -1.0 1766
216   45.7  -1.0 1767
217   50.0  -1.0 1767
218   71.7  -1.0 1767
219   54.8  -1.0 1767
220   49.7  -1.0 1767
221   55.5  -1.0 1767
222   36.5  -1.0 1767
223   68.0  -1.0 1767
224   71.2  -1.0 1767
225   73.5  -1.0 1767
226   91.2  -1.0 1767
227   88.8  -1.0 1767
228   89.2  -1.0 1768
229  110.2  -1.0 1768
230   77.2  -1.0 1768
231   71.2  -1.0 1768
232  129.5  -1.0 1768
233  129.0  -1.0 1768
234   87.7  -1.0 1768
235  111.3  -1.0 1768
236  124.7  -1.0 1768
237  129.7  -1.0 1768
238  151.0  -1.0 1768
239  186.3  -1.0 1768
240  123.2  -1.0 1769
241  107.0  -1.0 1769
242  107.2  -1.0 1769
243  161.2  -1.0 1769
244  122.7  -1.0 1769
245  157.3  -1.0 1769
246  197.7  -1.0 1769
247  200.5  -1.0 1769
248  248.0  -1.0 1769
249  263.7  -1.0 1769
250  246.8  -1.0 1769
251  186.7  -1.0 1769
252  173.3  -1.0 1770
253  237.5  -1.0 1770
254  133.5  -1.0 1770
255   85.0  -1.0 1770
256  116.8  -1.0 1770
257  138.8  -1.0 1770
258  183.0  -1.0 1770
259  210.5  -1.0 1770
260  174.0  -1.0 1770
261  172.7  -1.0 1770
262  220.3  -1.0 1770
263  170.5  -1.0 1770
264   60.0  -1.0 1771
265   77.0  -1.0 1771
266   77.8  -1.0 1771
267  108.2  -1.0 1771
268  254.5  -1.0 1771
269  199.2  -1.0 1771
270  112.8  -1.0 1771
271   97.5  -1.0 1771
272  169.0  -1.0 1771
273  150.0  -1.0 1771
274  166.2  -1.0 1771
275  159.5  -1.0 1771
276  168.2  -1.0 1772
277  151.3  -1.0 1772
278   51.8  -1.0 1772
279  153.7  -1.0 1772
280   63.3  -1.0 1772
281   95.0  -1.0 1772
282  128.8  -1.0 1772
283   93.7  -1.0 1772
284   84.2  -1.0 1772
285  131.0  -1.0 1772
286  102.2  -1.0 1772
287  106.7  -1.0 1772
288   91.0  -1.0 1773
289   48.3  -1.0 1773
290   85.3  -1.0 1773
291   54.8  -1.0 1773
292   68.5  -1.0 1773
293   47.3  -1.0 1773
294   46.2  -1.0 1773
295   21.2  -1.0 1773
296   48.8  -1.0 1773
297   43.8  -1.0 1773
298   68.2  -1.0 1773
299   72.0  -1.0 1773
300   78.0  -1.0 1774
301  109.0  -1.0 1774
302   92.8  -1.0 1774
303   73.0  -1.0 1774
304   85.5  -1.0 1774
305   47.5  -1.0 1774
306   29.2  -1.0 1774
307   11.0  -1.0 1774
308   13.2  -1.0 1774
309   23.3  -1.0 1774
310   29.5  -1.0 1774
311   20.3  -1.0 1774
312    7.3  -1.0 1775
313    0.0  -1.0 1775
314   19.3  -1.0 1775
315   18.7  -1.0 1775
316    6.5  -1.0 1775
317   20.5  -1.0 1775
318    1.7  -1.0 1775
319   13.2  -1.0 1775
320    5.3  -1.0 1775
321    9.3  -1.0 1775
322   25.2  -1.0 1775
323   13.2  -1.0 1775
324   36.2  -1.0 1776
325   19.3  -1.0 1776
326   10.5  -1.0 1776
327   36.3  -1.0 1776
328   18.7  -1.0 1776
329   31.7  -1.0 1776
330    1.7  -1.0 1776
331   40.3  -1.0 1776
332   26.7  -1.0 1776
333   50.0  -1.0 1776
334   58.3  -1.0 1776
335   66.7  -1.0 1776
336   75.0  -1.0 1777
337   60.8  -1.0 1777
338   65.0  -1.0 1777
339  159.2  -1.0 1777
340  133.8  -1.0 1777
341  134.5  -1.0 1777
342  158.3  -1.0 1777
343  186.7  -1.0 1777
344  193.7  -1.0 1777
345  177.5  -1.0 1777
346  243.3  -1.0 1777
347  262.2  -1.0 1777
348  295.5  -1.0 1778
349  182.2  -1.0 1778
350  223.3  -1.0 1778
351  241.7  -1.0 1778
352  398.2  -1.0 1778
353  286.0  -1.0 1778
354  255.0  -1.0 1778
355  233.3  -1.0 1778
356  286.2  -1.0 1778
357  260.5  -1.0 1778
358  250.5  -1.0 1778
359  175.0  -1.0 1778
360  191.2  -1.0 1779
361  276.2  -1.0 1779
362  196.7  -1.0 1779
363  241.7  -1.0 1779
364  233.3  -1.0 1779
365  189.5  -1.0 1779
366  238.3  -1.0 1779
367  186.7  -1.0 1779
368  185.0  -1.0 1779
369  206.7  -1.0 1779
370  190.0  -1.0 1779
371  183.3  -1.0 1779
372  116.7  -1.0 1780
373  163.3  -1.0 1780
374  163.3  -1.0 1780
375  158.3  -1.0 1780
376  178.7  -1.0 1780
377  146.7  -1.0 1780
378  143.3  -1.0 1780
379  143.3  -1.0 1780
380  156.2  -1.0 1780
381  128.3  -1.0 1780
382  100.0  -1.0 1780
383   97.8  -1.0 1780
384  164.5  -1.0 1781
385  124.5  -1.0 1781
386   88.3  -1.0 1781
387  113.8  -1.0 1781
388  174.5  -1.0 1781
389  162.8  -1.0 1781
390  122.5  -1.0 1781
391  110.0  -1.0 1781
392   85.0  -1.0 1781
393   45.5  -1.0 1781
394  111.7  -1.0 1781
395   58.7  -1.0 1781
396   90.0  -1.0 1782
397   62.5  -1.0 1782
398   61.7  -1.0 1782
399   68.3  -1.0 1782
400   90.5  -1.0 1782
401   63.3  -1.0 1782
402   61.7  -1.0 1782
403   73.3  -1.0 1782
404   56.7  -1.0 1782
405   38.7  -1.0 1782
406   52.5  -1.0 1782
407   50.0  -1.0 1782
408   46.7  -1.0 1783
409   64.5  -1.0 1783
410   44.5  -1.0 1783
411   47.2  -1.0 1783
412   38.3  -1.0 1783
413   42.0  -1.0 1783
414   53.7  -1.0 1783
415   33.3  -1.0 1783
416   30.0  -1.0 1783
417   13.3  -1.0 1783
418   25.0  -1.0 1783
419   17.5  -1.0 1783
420   21.7  -1.0 1784
421   13.3  -1.0 1784
422   18.3  -1.0 1784
423   16.7  -1.0 1784
424   10.0  -1.0 1784
425   15.0  -1.0 1784
426   10.0  -1.0 1784
427   16.7  -1.0 1784
428   16.7  -1.0 1784
429   13.3  -1.0 1784
430   28.3  -1.0 1784
431   23.3  -1.0 1784
432   10.8  -1.0 1785
433   13.3  -1.0 1785
434   15.0  -1.0 1785
435   26.2  -1.0 1785
436   34.5  -1.0 1785
437   43.8  -1.0 1785
438   60.5  -1.0 1785
439   33.3  -1.0 1785
440   53.3  -1.0 1785
441   78.7  -1.0 1785
442   67.0  -1.0 1785
443   45.5  -1.0 1785
444   62.0  -1.0 1786
445   79.3  -1.0 1786
446   79.5  -1.0 1786
447  142.3  -1.0 1786
448  153.8  -1.0 1786
449   98.3  -1.0 1786
450  138.3  -1.0 1786
451  149.5  -1.0 1786
452  185.8  -1.0 1786
453  187.2  -1.0 1786
454  193.3  -1.0 1786
455  187.8  -1.0 1786
456  224.5  -1.0 1787
457  176.7  -1.0 1787
458  145.7  -1.0 1787
459  212.0  -1.0 1787
460  224.7  -1.0 1787
461  165.3  -1.0 1787
462  213.3  -1.0 1787
463  228.7  -1.0 1787
464  262.2  -1.0 1787
465  261.7  -1.0 1787
466  235.8  -1.0 1787
467  290.0  -1.0 1787
468  230.0  -1.0 1788
469  215.3  -1.0 1788
470  238.8  -1.0 1788
471  180.8  -1.0 1788
472  188.3  -1.0 1788
473  257.0  -1.0 1788
474  235.8  -1.0 1788
475  226.7  -1.0 1788
476  235.0  -1.0 1788
477  236.7  -1.0 1788
478  157.8  -1.0 1788
479  215.8  -1.0 1788
480  190.0  -1.0 1789
481  208.8  -1.0 1789
482  200.0  -1.0 1789
483  205.5  -1.0 1789
484  205.8  -1.0 1789
485  200.0  -1.0 1789
486  195.0  -1.0 1789
487  171.7  -1.0 1789
488  186.7  -1.0 1789
489  149.5  -1.0 1789
490  223.3  -1.0 1789
491  225.8  -1.0 1789
492  171.7  -1.0 1790
493  212.5  -1.0 1790
494  160.5  -1.0 1790
495  156.7  -1.0 1790
496  155.0  -1.0 1790
497  151.7  -1.0 1790
498  115.5  -1.0 1790
499  145.0  -1.0 1790
500  128.8  -1.0 1790
501  140.5  -1.0 1790
502  136.7  -1.0 1790
503  123.3  -1.0 1790
504  121.2  -1.0 1791
505  103.3  -1.0 1791
506  123.3  -1.0 1791
507  128.7  -1.0 1791
508  122.8  -1.0 1791
509  107.0  -1.0 1791
510  118.3  -1.0 1791
511   71.7  -1.0 1791
512  110.8  -1.0 1791
513  102.8  -1.0 1791
514  111.7  -1.0 1791
515  110.0  -1.0 1791
516   96.7  -1.0 1792
517  106.7  -1.0 1792
518  105.0  -1.0 1792
519  126.2  -1.0 1792
520  103.3  -1.0 1792
521  101.7  -1.0 1792
522   76.3  -1.0 1792
523  100.0  -1.0 1792
524   98.3  -1.0 1792
525   98.3  -1.0 1792
526   95.0  -1.0 1792
527   93.3  -1.0 1792
528   93.3  -1.0 1793
529   91.7  -1.0 1793
530   92.5  -1.0 1793
531   88.3  -1.0 1793
532   87.2  -1.0 1793
533   85.0  -1.0 1793
534   83.3  -1.0 1793
535   48.8  -1.0 1793
536   40.0  -1.0 1793
537   78.3  -1.0 1793
538   73.3  -1.0 1793
539   76.2  -1.0 1793
540   75.0  -1.0 1794
541   73.3  -1.0 1794
542   63.3  -1.0 1794
543   47.3  -1.0 1794
544   92.8  -1.0 1794
545   69.2  -1.0 1794
546   68.3  -1.0 1794
547   66.7  -1.0 1794
548   18.5  -1.0 1794
549   47.5  -1.0 1794
550  112.3  -1.0 1794
551   85.7  -1.0 1794
552   35.7  -1.0 1795
553   66.5  -1.0 1795
554   21.0  -1.0 1795
555   31.0  -1.0 1795
556   51.7  -1.0 1795
557   28.5  -1.0 1795
558   21.5  -1.0 1795
559   42.8  -1.0 1795
560   22.5  -1.0 1795
561   32.5  -1.0 1795
562   41.7  -1.0 1795
563   30.0  -1.0 1795
564   36.7  -1.0 1796
565   39.7  -1.0 1796
566   26.2  -1.0 1796
567   52.8  -1.0 1796
568   35.0  -1.0 1796
569   11.2  -1.0 1796
570   44.8  -1.0 1796
571    2.5  -1.0 1796
572   30.7  -1.0 1796
573   18.3  -1.0 1796
574   14.0  -1.0 1796
575    8.5  -1.0 1796
576   24.0  -1.0 1797
577    7.0  -1.0 1797
578    6.7  -1.0 1797
579    6.7  -1.0 1797
580   12.2  -1.0 1797
581   18.5  -1.0 1797
582    7.2  -1.0 1797
583   10.0  -1.0 1797
584    9.5  -1.0 1797
585   11.5  -1.0 1797
586    9.7  -1.0 1797
587    5.0  -1.0 1797
588    3.3  -1.0 1798
589    6.7  -1.0 1798
590   20.7  -1.0 1798
591    1.8  -1.0 1798
592    0.0  -1.0 1798
593    0.0  -1.0 1798
594    0.0  -1.0 1798
595    5.0  -1.0 1798
596    4.0  -1.0 1798
597    2.5  -1.0 1798
598   20.8  -1.0 1798
599   16.5  -1.0 1798
600    2.7  -1.0 1799
601   21.0  -1.0 1799
602   36.2  -1.0 1799
603   14.0  -1.0 1799
604   13.7  -1.0 1799
605   17.7  -1.0 1799
606    3.5  -1.0 1799
607    0.0  -1.0 1799
608    0.0  -1.0 1799
609    7.7  -1.0 1799
610    4.5  -1.0 1799
611   14.3  -1.0 1799
612   11.5  -1.0 1800
613   15.5  -1.0 1800
614   23.2  -1.0 1800
615    0.0  -1.0 1800
616    8.3  -1.0 1800
617   39.5  -1.0 1800
618   35.0  -1.0 1800
619   32.5  -1.0 1800
620   19.2  -1.0 1800
621   20.5  -1.0 1800
622   17.5  -1.0 1800
623   66.8  -1.0 1800
624   45.0  -1.0 1801
625   48.3  -1.0 1801
626   50.0  -1.0 1801
627   51.7  -1.0 1801
628   53.3  -1.0 1801
629   52.0  -1.0 1801
630   58.3  -1.0 1801
631   64.5  -1.0 1801
632   55.8  -1.0 1801
633   54.3  -1.0 1801
634   66.3  -1.0 1801
635   80.3  -1.0 1801
636   79.7  -1.0 1802
637   78.3  -1.0 1802
638   68.0  -1.0 1802
639   70.0  -1.0 1802
640   73.3  -1.0 1802
641   76.7  -1.0 1802
642   80.0  -1.0 1802
643   83.3  -1.0 1802
644   86.3  -1.0 1802
645   64.2  -1.0 1802
646   57.5  -1.0 1802
647   83.3  -1.0 1802
648   83.3  -1.0 1803
649   84.7  -1.0 1803
650   49.2  -1.0 1803
651   41.7  -1.0 1803
652   73.8  -1.0 1803
653   60.0  -1.0 1803
654   80.5  -1.0 1803
655   56.8  -1.0 1803
656   75.5  -1.0 1803
657   90.5  -1.0 1803
658   85.0  -1.0 1803
659   80.0  -1.0 1803
660   75.5  -1.0 1804
661   80.5  -1.0 1804
662   80.0  -1.0 1804
663   84.3  -1.0 1804
664   55.7  -1.0 1804
665   58.0  -1.0 1804
666   49.7  -1.0 1804
667   71.8  -1.0 1804
668   88.3  -1.0 1804
669  103.8  -1.0 1804
670  101.7  -1.0 1804
671  100.0  -1.0 1804
672  101.7  -1.0 1805
673   73.5  -1.0 1805
674   85.7  -1.0 1805
675   62.5  -1.0 1805
676   65.0  -1.0 1805
677   67.5  -1.0 1805
678   62.7  -1.0 1805
679   71.2  -1.0 1805
680   74.0  -1.0 1805
681   49.0  -1.0 1805
682   68.3  -1.0 1805
683   63.8  -1.0 1805
684   65.0  -1.0 1806
685   49.3  -1.0 1806
686   54.5  -1.0 1806
687   46.2  -1.0 1806
688   44.0  -1.0 1806
689   42.7  -1.0 1806
690   50.0  -1.0 1806
691   43.8  -1.0 1806
692   40.0  -1.0 1806
693   45.0  -1.0 1806
694   41.7  -1.0 1806
695   40.0  -1.0 1806
696   20.0  -1.0 1807
697   20.3  -1.0 1807
698   16.0  -1.0 1807
699   39.7  -1.0 1807
700   16.7  -1.0 1807
701   20.0  -1.0 1807
702   21.2  -1.0 1807
703   20.0  -1.0 1807
704    9.5  -1.0 1807
705   13.3  -1.0 1807
706    4.3  -1.0 1807
707    0.0  -1.0 1807
708    0.0  -1.0 1808
709    7.5  -1.0 1808
710    0.0  -1.0 1808
711   20.5  -1.0 1808
712   22.5  -1.0 1808
713   22.5  -1.0 1808
714   11.2  -1.0 1808
715   13.3  -1.0 1808
716   19.5  -1.0 1808
717    7.8  -1.0 1808
718   17.5  -1.0 1808
719   20.5  -1.0 1808
720   12.0  -1.0 1809
721   15.3  -1.0 1809
722    1.5  -1.0 1809
723    4.2  -1.0 1809
724    3.3  -1.0 1809
725   12.8  -1.0 1809
726    0.5  -1.0 1809
727    0.3  -1.0 1809
728    0.7  -1.0 1809
729    0.0  -1.0 1809
730    0.0  -1.0 1809
731    0.0  -1.0 1809
732    0.0  -1.0 1810
733    0.0  -1.0 1810
734    0.0  -1.0 1810
735    0.0  -1.0 1810
736    0.0  -1.0 1810
737    0.0  -1.0 1810
738    0.0  -1.0 1810
739    0.0  -1.0 1810
740    0.0  -1.0 1810
741    0.0  -1.0 1810
742    0.0  -1.0 1810
743    0.0  -1.0 1810
744    0.0  -1.0 1811
745    0.0  -1.0 1811
746    0.0  -1.0 1811
747    0.0  -1.0 1811
748    0.0  -1.0 1811
749    0.0  -1.0 1811
750   11.0  -1.0 1811
751    0.0  -1.0 1811
752    4.0  -1.0 1811
753   10.2  -1.0 1811
754    1.3  -1.0 1811
755    1.8  -1.0 1811
756   18.8  -1.0 1812
757    3.2  -1.0 1812
758    1.2  -1.0 1812
759    0.0  -1.0 1812
760    1.7  -1.0 1812
761    2.2  -1.0 1812
762    0.8  -1.0 1812
763   26.0  -1.0 1812
764    8.7  -1.0 1812
765    6.5  -1.0 1812
766   13.2  -1.0 1812
767   16.8  -1.0 1812
768    0.0  -1.0 1813
769   17.2  -1.0 1813
770    3.2  -1.0 1813
771   27.7  -1.0 1813
772    9.2  -1.0 1813
773   18.7  -1.0 1813
774   30.5  -1.0 1813
775   14.0  -1.0 1813
776   25.5  -1.0 1813
777   46.3  -1.0 1813
778   27.8  -1.0 1813
779   23.8  -1.0 1813
780   37.0  -1.0 1814
781   20.0  -1.0 1814
782    9.5  -1.0 1814
783   39.7  -1.0 1814
784    9.7  -1.0 1814
785   24.8  -1.0 1814
786   30.8  -1.0 1814
787    3.8  -1.0 1814
788   13.5  -1.0 1814
789   32.2  -1.0 1814
790   24.2  -1.0 1814
791   33.5  -1.0 1814
792   32.0  -1.0 1815
793   53.7  -1.0 1815
794   43.7  -1.0 1815
795   52.7  -1.0 1815
796   16.3  -1.0 1815
797   93.2  -1.0 1815
798   59.2  -1.0 1815
799   78.7  -1.0 1815
800   52.5  -1.0 1815
801   55.8  -1.0 1815
802   62.0  -1.0 1815
803  108.3  -1.0 1815
804   43.8  -1.0 1816
805  114.7  -1.0 1816
806  122.8  -1.0 1816
807   98.0  -1.0 1816
808   73.8  -1.0 1816
809   72.7  -1.0 1816
810   64.7  -1.0 1816
811   38.7  -1.0 1816
812   79.7  -1.0 1816
813   94.0  -1.0 1816
814   63.5  -1.0 1816
815   49.8  -1.0 1816
816   60.7  -1.0 1817
817   96.5  -1.0 1817
818  160.3  -1.0 1817
819   44.0  -1.0 1817
820   35.3  -1.0 1817
821   66.7  -1.0 1817
822   83.3  -1.0 1817
823   75.0  -1.0 1817
824   61.2  -1.0 1817
825   42.7  -1.0 1817
826   48.2  -1.0 1817
827   47.3  -1.0 1817
828   58.1   9.7 1818
829   37.4   7.8 1818
830   42.4   8.3 1818
831   57.5   9.6 1818
832   88.5  11.9 1818
833   60.8   9.9 1818
834   46.8   8.7 1818
835   52.6   9.2 1818
836   43.4   8.3 1818
837   52.8   9.2 1818
838   18.3   5.5 1818
839   43.0   8.4 1818
840   54.7   9.4 1819
841   34.6   7.5 1819
842    6.3   3.6 1819
843   33.7   7.4 1819
844   32.6   7.3 1819
845   58.3   9.7 1819
846   52.5   9.2 1819
847   43.5   8.4 1819
848   24.8   6.4 1819
849   45.9   8.6 1819
850   41.8   8.3 1819
851   50.9   9.1 1819
852   32.0   7.3 1820
853   44.4   8.4 1820
854    7.5   3.9 1820
855   32.3   7.3 1820
856   48.9   8.8 1820
857   17.9   5.6 1820
858   34.1   7.4 1820
859   43.1   8.3 1820
860    8.6   4.0 1820
861   14.9   5.2 1820
862   13.2   4.8 1820
863   15.1   5.2 1820
864   36.0   7.6 1821
865    7.0   3.8 1821
866    9.5   4.2 1821
867   15.2   5.2 1821
868    2.8   2.8 1821
869    3.0   2.9 1821
870    4.3   3.2 1821
871    8.0   3.9 1821
872    7.3   3.9 1821
873   31.4   7.2 1821
874    7.3   3.9 1821
875    0.4   2.1 1821
876    0.0   2.0 1822
877    1.5   2.5 1822
878   26.9   6.6 1822
879   21.7   6.0 1822
880    2.4   2.8 1822
881    9.3   4.2 1822
882   13.2   4.9 1822
883    3.4   3.0 1822
884    0.0   2.0 1822
885    0.6   2.2 1822
886    0.0   2.0 1822
887    0.0   2.0 1822
888    0.0   2.0 1823
889    0.0   2.0 1823
890    1.0   2.3 1823
891    0.0   2.0 1823
892    0.0   2.0 1823
893    0.0   2.0 1823
894    0.8   2.2 1823
895    0.0   2.0 1823
896    0.0   2.0 1823
897    0.0   2.0 1823
898    0.0   2.0 1823
899   34.0   7.4 1823
900   36.0   7.6 1824
901   18.0   4.8 1824
902    0.0   2.0 1824
903   32.3   7.2 1824
904    4.6   3.3 1824
905    0.0   2.0 1824
906    0.0   2.0 1824
907    2.3   2.7 1824
908   34.3   7.5 1824
909   42.0   8.2 1824
910    0.0   2.0 1824
911    1.4   2.4 1824
912    8.4   4.1 1825
913   25.9   6.6 1825
914   37.4   7.8 1825
915    6.2   3.6 1825
916   25.8   6.4 1825
917   25.6   6.5 1825
918   51.5   9.1 1825
919   42.8   8.3 1825
920   26.2   6.6 1825
921   26.0   6.6 1825
922   19.6   5.7 1825
923   36.7   7.7 1825
924   29.4   6.9 1826
925   30.2   7.0 1826
926   61.3   9.9 1826
927   40.0   8.1 1826
928   53.9   9.3 1826
929   61.7  10.0 1826
930   87.5  11.9 1826
931   66.0  10.4 1826
932   31.6   7.2 1826
933   84.4  11.6 1826
934   65.8  10.3 1826
935  113.6  13.5 1826
936   57.7   9.7 1827
937   79.0  11.3 1827
938   96.3  12.4 1827
939   76.7  11.1 1827
940   93.8  12.3 1827
941   94.4  12.3 1827
942   70.4  10.6 1827
943   89.4  12.0 1827
944   82.6  11.5 1827
945   93.5  12.2 1827
946   80.4  11.4 1827
947   76.8  11.1 1827
948   88.0  11.9 1828
949  107.3  13.1 1828
950  108.5  13.2 1828
951  101.9  12.8 1828
952  148.6  15.5 1828
953  163.4  16.2 1828
954   90.4  12.0 1828
955  127.3  14.3 1828
956   83.9  11.6 1828
957   91.1  12.1 1828
958   95.0  12.3 1828
959   78.1  11.2 1828
960   71.6  10.7 1829
961   82.3  11.5 1829
962  120.6  13.9 1829
963  158.4  15.9 1829
964  112.3  13.4 1829
965  123.2  14.1 1829
966  151.5  15.6 1829
967  129.3  14.4 1829
968   88.0  11.9 1829
969   95.3  12.4 1829
970  112.7  13.4 1829
971   94.1  12.3 1829
972   87.0  11.8 1830
973  120.1  13.9 1830
974  141.0  15.1 1830
975  177.3  16.9 1830
976  110.5  13.3 1830
977  108.4  13.2 1830
978   73.2  10.8 1830
979   84.6  11.7 1830
980  103.4  12.9 1830
981  140.6  15.0 1830
982  135.4  14.7 1830
983  136.8  14.8 1830
984   79.0  11.3 1831
985   83.6  11.6 1831
986  155.8  15.8 1831
987   90.9  12.1 1831
988   63.4  10.1 1831
989   55.6   9.4 1831
990   75.4  11.0 1831
991   91.6  12.1 1831
992   63.2  10.1 1831
993   77.1  11.1 1831
994   72.5  10.8 1831
995   48.3   8.8 1831
996   51.5   9.1 1832
997   92.6  12.2 1832
998   91.9  12.1 1832
999   44.8   8.5 1832
1000   68.9  10.5 1832
1001   44.5   8.4 1832
1002   23.3   6.2 1832
1003   14.8   5.1 1832
1004   13.7   4.9 1832
1005   35.2   7.5 1832
1006   23.8   6.2 1832
1007   45.8   8.6 1832
1008   18.7   5.7 1833
1009   24.9   6.5 1833
1010   19.6   5.8 1833
1011    4.6   3.3 1833
1012   21.5   6.0 1833
1013    1.7   2.5 1833
1014   11.6   4.6 1833
1015    9.5   4.2 1833
1016   19.3   5.8 1833
1017   12.5   4.7 1833
1018    9.8   4.2 1833
1019   16.6   5.3 1833
1020    8.2   4.0 1834
1021   30.1   7.0 1834
1022    6.5   3.7 1834
1023    2.4   2.7 1834
1024   14.8   5.0 1834
1025   13.1   4.8 1834
1026   14.4   5.0 1834
1027    6.6   3.7 1834
1028   19.2   5.6 1834
1029   41.3   8.2 1834
1030   50.9   9.1 1834
1031   57.5   9.6 1834
1032   12.4   4.7 1835
1033   40.7   8.1 1835
1034   32.7   7.3 1835
1035  102.4  12.8 1835
1036   72.6  10.8 1835
1037   55.2   9.4 1835
1038   99.6  12.7 1835
1039   98.5  12.6 1835
1040  168.0  16.4 1835
1041  158.6  16.0 1835
1042  166.7  16.4 1835
1043  129.3  14.4 1835
1044  147.6  15.4 1836
1045  179.4  17.0 1836
1046  163.7  16.2 1836
1047  238.0  19.6 1836
1048  185.7  17.3 1836
1049  207.9  18.3 1836
1050  194.6  17.7 1836
1051  179.6  17.0 1836
1052  158.5  16.0 1836
1053  228.9  19.2 1836
1054  201.5  18.0 1836
1055  343.8  23.5 1836
1056  313.4  22.4 1837
1057  292.6  21.7 1837
1058  224.3  19.0 1837
1059  230.3  19.2 1837
1060  186.1  17.3 1837
1061  263.4  20.6 1837
1062  271.2  20.9 1837
1063  223.5  18.9 1837
1064  160.4  16.1 1837
1065  206.2  18.2 1837
1066  178.4  16.9 1837
1067  216.1  18.6 1837
1068  241.5  19.7 1838
1069  141.3  15.1 1838
1070  234.5  19.4 1838
1071  211.1  18.4 1838
1072  229.4  19.2 1838
1073  157.6  15.9 1838
1074  180.4  17.0 1838
1075  131.3  14.5 1838
1076  122.7  14.0 1838
1077  151.5  15.6 1838
1078  129.2  14.4 1838
1079  132.9  14.6 1838
1080  175.9  16.8 1839
1081  170.8  16.6 1839
1082  129.5  14.4 1839
1083  102.9  12.9 1839
1084   89.6  12.0 1839
1085   91.2  12.1 1839
1086  141.3  15.1 1839
1087  218.8  18.7 1839
1088  221.1  18.8 1839
1089  151.5  15.6 1839
1090  114.7  13.6 1839
1091  106.2  13.1 1839
1092  135.4  14.7 1840
1093  146.1  15.3 1840
1094  112.9  13.5 1840
1095  109.8  13.3 1840
1096  115.4  13.6 1840
1097   80.9  11.4 1840
1098  101.0  12.7 1840
1099   96.4  12.4 1840
1100  123.3  14.1 1840
1101   91.7  12.1 1840
1102   90.4  12.0 1840
1103   89.5  12.0 1840
1104   40.1   8.1 1841
1105   49.9   8.9 1841
1106   49.6   8.9 1841
1107   66.9  10.4 1841
1108  112.4  13.5 1841
1109   92.8  12.2 1841
1110   51.4   9.1 1841
1111   65.4  10.3 1841
1112   60.9   9.9 1841
1113   47.4   8.7 1841
1114   32.9   7.3 1841
1115   64.8  10.2 1841
1116   34.0   7.5 1842
1117   36.8   7.8 1842
1118   36.2   7.7 1842
1119   44.9   8.5 1842
1120   41.4   8.2 1842
1121   34.2   7.4 1842
1122   21.0   6.0 1842
1123   44.4   8.5 1842
1124   30.6   7.1 1842
1125   63.5  10.1 1842
1126   67.5  10.4 1842
1127   29.3   6.9 1842
1128   22.2   6.1 1843
1129    5.9   3.5 1843
1130   13.9   5.0 1843
1131   15.8   5.2 1843
1132   35.1   7.6 1843
1133   17.6   5.4 1843
1134   15.9   5.2 1843
1135   19.6   5.8 1843
1136    6.9   3.7 1843
1137    8.9   4.1 1843
1138   31.7   7.2 1843
1139   21.2   6.0 1843
1140   15.7   5.2 1844
1141   24.5   6.4 1844
1142   22.5   6.1 1844
1143   34.6   7.5 1844
1144   19.2   5.7 1844
1145    6.2   3.6 1844
1146   35.2   7.6 1844
1147   39.7   8.1 1844
1148   11.6   4.7 1844
1149   35.9   7.7 1844
1150   17.9   5.6 1844
1151   36.0   7.6 1844
1152   42.8   8.3 1845
1153   72.8  10.8 1845
1154   72.1  10.8 1845
1155   95.0  12.3 1845
1156   79.7  11.3 1845
1157   51.8   9.2 1845
1158   51.0   9.1 1845
1159   53.9   9.3 1845
1160   49.3   9.0 1845
1161   67.8  10.4 1845
1162   65.7  10.3 1845
1163   99.5  12.6 1845
1164   64.6  10.2 1846
1165   84.9  11.7 1846
1166  106.5  13.1 1846
1167  115.5  13.6 1846
1168   99.9  12.7 1846
1169  108.4  13.2 1846
1170   77.5  11.1 1846
1171   91.3  12.1 1846
1172  178.6  16.9 1846
1173   93.4  12.2 1846
1174  100.6  12.7 1846
1175  109.1  13.2 1846
1176  104.4  12.9 1847
1177   74.9  10.9 1847
1178  143.0  15.1 1847
1179   74.6  10.9 1847
1180  125.7  14.2 1847
1181  142.2  15.1 1847
1182   87.1  11.8 1847
1183  234.3  19.4 1847
1184  268.2  20.7 1847
1185  300.6  22.0 1847
1186  231.5  19.3 1847
1187  182.6  17.1 1847
1188  265.2  20.6 1848
1189  186.4  17.3 1848
1190  181.2  17.1 1848
1191  178.6  16.9 1848
1192  170.5  16.5 1848
1193  214.9  18.6 1848
1194  232.0  19.3 1848
1195  220.9  18.8 1848
1196  167.3  16.4 1848
1197  220.6  18.8 1848
1198  191.0  17.5 1848
1199  265.8  20.7 1848
1200  298.3  21.4 1849
1201  250.3  19.5 1849
1202  182.7  16.6 1849
1203  194.7  17.1 1849
1204  153.2  15.1 1849
1205  154.2  15.2 1849
1206  148.2  14.9 1849
1207  128.6  13.8 1849
1208  178.0  16.3 1849
1209  135.7  14.2 1849
1210  188.2  16.8 1849
1211  184.3  16.6 1849
1212  148.2  14.9 1850
1213  169.8  15.9 1850
1214  156.8  15.3 1850
1215   83.8  11.1 1850
1216  117.0  13.1 1850
1217  133.0  14.1 1850
1218   74.3  10.5 1850
1219  117.0  13.1 1850
1220  163.7  15.6 1850
1221  134.9  14.1 1850
1222  104.1  12.4 1850
1223  115.9  13.1 1850
1224  143.5  14.7 1851
1225  200.1  17.3 1851
1226  122.8  13.5 1851
1227  107.3  12.6 1851
1228  118.9  13.3 1851
1229  120.0  13.3 1851
1230   68.6  10.0 1851
1231  109.0  12.7 1851
1232  128.9  13.8 1851
1233  118.7  13.3 1851
1234   96.8  11.9 1851
1235  135.5  14.2 1851
1236  129.9  13.9 1852
1237  126.2  13.7 1852
1238  116.2  13.1 1852
1239  124.3  13.6 1852
1240  104.3  12.4 1852
1241   89.0  11.4 1852
1242   80.0  10.8 1852
1243   75.3  10.5 1852
1244   71.2  10.2 1852
1245  127.9  13.8 1852
1246  103.1  12.3 1852
1247   86.1  11.3 1852
1248   77.9  10.7 1853
1249   81.5  10.9 1853
1250   71.6  10.2 1853
1251   90.4  11.5 1853
1252   65.9   9.8 1853
1253   76.0  10.6 1853
1254   87.2  11.3 1853
1255   95.8  11.9 1853
1256   63.7   9.7 1853
1257   80.5  10.9 1853
1258   54.7   8.9 1853
1259   44.5   8.0 1853
1260   29.3   6.5 1854
1261   38.0   7.4 1854
1262   39.4   7.6 1854
1263   50.3   8.6 1854
1264   45.6   8.2 1854
1265   40.1   7.6 1854
1266   35.5   7.2 1854
1267   30.1   6.6 1854
1268   42.6   7.9 1854
1269   24.1   5.9 1854
1270   53.5   8.8 1854
1271   41.1   7.7 1854
1272   23.4   5.8 1855
1273   21.6   5.6 1855
1274   33.0   6.9 1855
1275    8.4   3.5 1855
1276   17.3   5.0 1855
1277   10.0   3.8 1855
1278    0.7   1.0 1855
1279    5.9   2.9 1855
1280    0.0   0.0 1855
1281   18.3   5.1 1855
1282    7.9   3.4 1855
1283    5.8   2.9 1855
1284    1.0   1.2 1856
1285    9.3   3.7 1856
1286    0.7   1.0 1856
1287   12.4   4.2 1856
1288    0.0   0.0 1856
1289    9.8   3.8 1856
1290    8.8   3.6 1856
1291   11.3   4.0 1856
1292    8.4   3.5 1856
1293    8.5   3.5 1856
1294   14.7   4.6 1856
1295   13.7   4.4 1856
1296   26.0   6.1 1857
1297   14.2   4.5 1857
1298   10.0   3.8 1857
1299   21.1   5.5 1857
1300   54.2   8.9 1857
1301   30.5   6.6 1857
1302   42.2   7.8 1857
1303   32.0   6.8 1857
1304   80.6  10.9 1857
1305   77.1  10.6 1857
1306   59.6   9.3 1857
1307   70.7  10.2 1857
1308   74.2  10.4 1858
1309   66.3   9.9 1858
1310  109.2  12.7 1858
1311   72.8  10.3 1858
1312   78.6  10.7 1858
1313   84.5  11.1 1858
1314  107.7  12.6 1858
1315  104.9  12.5 1858
1316  152.2  15.1 1858
1317  173.2  16.1 1858
1318   98.6  12.1 1858
1319  127.0  13.7 1858
1320  159.0  15.4 1859
1321  166.4  15.8 1859
1322  171.5  16.0 1859
1323  162.9  15.6 1859
1324  172.8  16.1 1859
1325  165.2  15.7 1859
1326  180.7  16.5 1859
1327  203.0  17.5 1859
1328  200.9  17.4 1859
1329  217.8  18.1 1859
1330  184.6  16.6 1859
1331  153.9  15.1 1859
1332  156.6  15.3 1860
1333  167.9  15.9 1860
1334  188.0  16.8 1860
1335  135.7  14.2 1860
1336  203.5  17.5 1860
1337  206.3  17.7 1860
1338  221.9  18.3 1860
1339  190.5  16.9 1860
1340  175.2  16.2 1860
1341  171.1  16.0 1860
1342  186.0  16.7 1860
1343  181.7  16.5 1860
1344  118.5  13.2 1861
1345  147.5  14.8 1861
1346  192.0  17.0 1861
1347  187.1  16.8 1861
1348  107.8  12.6 1861
1349  167.5  15.8 1861
1350  148.2  14.8 1861
1351  156.7  15.3 1861
1352  151.9  15.0 1861
1353  127.7  13.8 1861
1354  102.0  12.3 1861
1355  152.8  15.1 1861
1356  119.9  13.3 1862
1357  122.4  13.5 1862
1358   82.7  11.0 1862
1359  102.1  12.2 1862
1360  122.4  13.4 1862
1361  159.7  15.4 1862
1362  139.5  14.4 1862
1363  118.7  13.2 1862
1364  126.4  13.7 1862
1365   79.8  10.8 1862
1366   96.0  11.9 1862
1367   77.6  10.7 1862
1368   91.8  11.6 1863
1369  107.7  12.6 1863
1370  126.0  13.6 1863
1371   77.1  10.6 1863
1372  102.1  12.2 1863
1373   77.6  10.7 1863
1374   62.0   9.5 1863
1375   91.3  11.6 1863
1376   41.7   7.8 1863
1377   75.7  10.5 1863
1378   71.6  10.2 1863
1379   78.1  10.7 1863
1380  109.7  12.7 1864
1381   89.5  11.5 1864
1382  125.9  13.6 1864
1383   68.1  10.0 1864
1384   77.1  10.6 1864
1385  109.9  12.8 1864
1386  103.8  12.4 1864
1387  104.1  12.5 1864
1388   54.2   8.9 1864
1389   64.4   9.7 1864
1390  109.3  12.7 1864
1391   54.3   8.9 1864
1392   92.5  11.7 1865
1393   74.6  10.5 1865
1394   75.0  10.5 1865
1395   55.9   9.0 1865
1396   65.6   9.8 1865
1397   63.8   9.7 1865
1398   50.8   8.6 1865
1399   71.8  10.3 1865
1400   41.0   7.7 1865
1401   32.5   6.9 1865
1402   46.7   8.2 1865
1403   24.3   5.9 1865
1404   60.0   9.4 1866
1405   72.9  10.4 1866
1406   46.6   8.2 1866
1407   33.5   7.0 1866
1408   24.6   6.0 1866
1409   31.4   6.7 1866
1410   17.6   5.0 1866
1411   24.2   5.9 1866
1412   13.9   4.5 1866
1413   26.8   6.2 1866
1414   17.2   5.0 1866
1415    2.9   2.0 1866
1416    0.0   0.0 1867
1417    1.4   1.4 1867
1418   17.4   5.0 1867
1419    9.7   3.7 1867
1420    5.5   2.8 1867
1421    2.8   2.0 1867
1422    9.5   3.7 1867
1423    9.1   3.6 1867
1424   18.7   5.2 1867
1425   25.5   6.1 1867
1426   18.1   5.1 1867
1427   47.9   8.4 1867
1428   25.9   5.9 1868
1429   26.3   5.8 1868
1430   44.0   7.5 1868
1431   61.1   8.8 1868
1432   44.5   7.5 1868
1433   51.8   8.1 1868
1434   48.3   7.9 1868
1435   57.3   8.5 1868
1436   78.7  10.0 1868
1437  102.8  11.4 1868
1438   98.7  11.2 1868
1439  112.8  11.9 1868
1440  101.6  11.3 1869
1441   99.9  11.2 1869
1442   88.0  10.5 1869
1443   68.4   9.3 1869
1444  173.4  14.8 1869
1445  180.7  15.1 1869
1446   98.8  11.2 1869
1447  132.7  12.9 1869
1448  134.5  13.0 1869
1449   99.0  11.2 1869
1450  130.2  12.8 1869
1451  174.1  14.8 1869
1452  129.0  12.7 1870
1453  191.7  15.5 1870
1454  262.7  18.2 1870
1455  266.9  18.3 1870
1456  293.6  19.2 1870
1457  226.3  16.9 1870
1458  220.9  16.7 1870
1459  256.5  18.0 1870
1460  226.8  16.9 1870
1461  244.3  17.5 1870
1462  246.0  17.6 1870
1463  216.7  16.5 1870
1464  147.2  13.6 1871
1465  209.0  16.2 1871
1466  238.7  17.4 1871
1467  270.9  18.5 1871
1468  242.6  17.5 1871
1469  152.9  13.9 1871
1470  171.8  14.7 1871
1471  183.7  15.2 1871
1472  133.9  13.0 1871
1473  148.5  13.7 1871
1474  175.7  14.9 1871
1475  150.8  13.8 1871
1476  132.7  12.9 1872
1477  200.3  15.9 1872
1478  147.5  13.6 1872
1479  170.4  14.7 1872
1480  179.5  15.0 1872
1481  183.3  15.2 1872
1482  176.0  14.9 1872
1483  155.0  14.0 1872
1484  191.1  15.5 1872
1485  171.2  14.7 1872
1486  186.8  15.3 1872
1487  139.9  13.3 1872
1488  144.6  13.5 1873
1489  178.4  15.0 1873
1490  164.0  14.4 1873
1491  127.1  12.7 1873
1492   80.0  10.1 1873
1493   74.8   9.8 1873
1494  111.7  11.9 1873
1495  113.8  12.0 1873
1496   78.7  10.0 1873
1497   78.6  10.0 1873
1498   92.5  10.8 1873
1499   82.0  10.2 1873
1500  101.4  11.3 1874
1501  107.1  11.6 1874
1502   77.5   9.9 1874
1503   53.5   8.2 1874
1504   74.6   9.7 1874
1505   63.8   9.0 1874
1506  113.2  11.9 1874
1507  102.3  11.3 1874
1508   46.8   7.7 1874
1509   57.4   8.5 1874
1510   48.2   7.8 1874
1511   48.8   7.9 1874
1512   24.4   5.7 1875
1513   35.9   6.8 1875
1514   56.4   8.4 1875
1515   48.6   7.8 1875
1516   19.2   5.1 1875
1517   39.9   7.1 1875
1518   20.9   5.3 1875
1519   24.4   5.7 1875
1520    4.0   2.9 1875
1521   21.3   5.3 1875
1522   29.6   6.3 1875
1523   16.5   4.8 1875
1524   23.9   5.7 1876
1525   25.1   5.7 1876
1526   51.1   8.1 1876
1527    3.9   2.9 1876
1528    8.5   3.7 1876
1529    2.7   2.6 1876
1530   25.5   5.8 1876
1531   14.8   4.5 1876
1532   16.6   4.8 1876
1533   23.9   5.6 1876
1534   16.6   4.8 1876
1535   13.6   4.4 1876
1536   40.6   7.2 1877
1537   14.5   4.4 1877
1538   19.9   5.2 1877
1539   26.3   5.9 1877
1540   36.1   6.8 1877
1541   23.6   5.5 1877
1542   10.0   3.8 1877
1543   10.5   3.9 1877
1544   28.1   6.0 1877
1545   11.2   4.1 1877
1546   23.6   5.6 1877
1547    3.5   2.7 1877
1548    5.5   3.1 1878
1549   11.0   4.1 1878
1550   13.1   4.3 1878
1551    0.2   2.0 1878
1552    9.9   3.9 1878
1553   10.7   4.0 1878
1554    0.2   2.0 1878
1555    0.0   2.0 1878
1556    8.8   3.7 1878
1557    1.9   2.4 1878
1558    6.8   3.3 1878
1559    0.9   2.2 1878
1560    1.6   2.3 1879
1561    0.9   2.2 1879
1562    0.0   2.0 1879
1563   10.4   3.9 1879
1564    4.0   2.8 1879
1565    8.0   3.6 1879
1566   12.6   4.2 1879
1567   17.9   5.0 1879
1568   10.1   3.8 1879
1569   20.4   5.2 1879
1570   21.9   5.4 1879
1571   12.2   4.1 1879
1572   40.1   7.2 1880
1573   45.4   7.6 1880
1574   32.1   6.4 1880
1575   32.4   6.4 1880
1576   39.1   7.1 1880
1577   56.9   8.5 1880
1578   36.5   6.8 1880
1579   80.3  10.1 1880
1580  110.1  11.8 1880
1581   71.7   9.5 1880
1582   51.1   8.1 1880
1583   49.4   7.9 1880
1584   60.6   8.7 1881
1585   88.6  10.6 1881
1586   85.8  10.4 1881
1587   86.1  10.4 1881
1588   72.5   9.6 1881
1589  100.8  11.3 1881
1590  128.2  12.7 1881
1591   97.3  11.1 1881
1592   88.6  10.6 1881
1593  107.3  11.6 1881
1594   91.5  10.7 1881
1595   78.8  10.0 1881
1596   75.0   9.7 1882
1597  115.9  12.1 1882
1598  111.5  11.8 1882
1599  159.6  14.2 1882
1600  106.9  11.6 1882
1601   75.4   9.8 1882
1602   75.7   9.8 1882
1603   67.5   9.2 1882
1604   96.1  11.0 1882
1605   98.6  11.2 1882
1606  140.6  13.3 1882
1607   69.7   9.4 1882
1608  101.0  11.3 1883
1609   78.2  10.0 1883
1610   71.3   9.5 1883
1611  136.8  13.1 1883
1612   52.5   8.1 1883
1613  127.2  12.7 1883
1614  134.4  13.0 1883
1615   76.6   9.8 1883
1616   87.8  10.5 1883
1617  139.6  13.3 1883
1618  140.8  13.3 1883
1619  126.5  12.6 1883
1620  152.6  13.9 1884
1621  144.8  13.5 1884
1622  145.8  13.6 1884
1623  126.9  12.7 1884
1624  110.9  11.8 1884
1625   85.3  10.4 1884
1626   88.5  10.6 1884
1627   93.1  10.8 1884
1628  103.1  11.4 1884
1629   79.6  10.0 1884
1630   60.9   8.8 1884
1631   78.6  10.0 1884
1632   71.4   9.5 1885
1633  119.7  12.3 1885
1634   82.9  10.2 1885
1635   91.7  10.8 1885
1636  121.6  12.4 1885
1637  139.5  13.3 1885
1638  110.9  11.8 1885
1639   83.5  10.3 1885
1640   66.0   9.1 1885
1641   64.5   9.1 1885
1642   51.6   8.1 1885
1643   36.3   6.8 1885
1644   49.8   8.0 1886
1645   43.2   7.4 1886
1646   95.5  11.0 1886
1647   72.9   9.6 1886
1648   51.2   8.0 1886
1649   45.3   7.6 1886
1650   50.4   8.0 1886
1651   28.1   6.0 1886
1652   35.7   6.8 1886
1653   14.4   4.3 1886
1654    0.6   2.1 1886
1655   21.7   5.3 1886
1656   17.0   4.8 1887
1657   22.0   5.4 1887
1658    7.1   3.3 1887
1659   11.6   4.0 1887
1660   33.4   6.5 1887
1661   26.1   5.7 1887
1662   38.9   7.0 1887
1663   35.7   6.8 1887
1664   12.4   4.2 1887
1665   11.0   3.9 1887
1666   11.5   4.0 1887
1667   34.5   6.6 1887
1668   21.2   5.3 1888
1669   11.8   4.1 1888
1670   13.1   4.3 1888
1671    8.5   3.5 1888
1672   11.7   4.1 1888
1673   11.8   4.0 1888
1674    5.0   2.9 1888
1675    4.6   2.9 1888
1676   14.6   4.4 1888
1677    3.4   2.7 1888
1678   17.9   4.8 1888
1679   11.1   3.9 1888
1680    1.3   2.3 1889
1681   14.2   4.5 1889
1682   11.1   4.0 1889
1683    7.3   3.4 1889
1684    4.0   2.8 1889
1685   10.8   4.0 1889
1686   15.8   4.6 1889
1687   34.3   6.7 1889
1688   10.9   3.9 1889
1689    3.4   2.6 1889
1690    0.3   2.0 1889
1691   11.2   4.1 1889
1692    8.8   3.6 1890
1693    1.1   2.2 1890
1694    8.5   3.6 1890
1695    2.7   2.5 1890
1696    7.9   3.5 1890
1697    2.2   2.4 1890
1698   19.3   5.1 1890
1699   14.2   4.4 1890
1700   28.6   6.0 1890
1701   18.6   5.0 1890
1702   15.9   4.7 1890
1703   13.1   4.2 1890
1704   22.5   5.5 1891
1705   36.9   6.9 1891
1706   17.2   4.7 1891
1707   34.2   6.6 1891
1708   68.5   9.3 1891
1709   80.4  10.1 1891
1710   98.0  11.1 1891
1711   55.1   8.3 1891
1712   89.7  10.7 1891
1713   86.0  10.4 1891
1714   69.8   9.4 1891
1715   54.3   8.3 1891
1716  115.2  12.1 1892
1717  126.1  12.6 1892
1718   83.3  10.3 1892
1719  116.0  12.1 1892
1720  132.7  12.9 1892
1721  127.3  12.7 1892
1722  127.6  12.7 1892
1723  169.0  14.6 1892
1724  104.7  11.5 1892
1725  117.5  12.2 1892
1726  108.9  11.7 1892
1727  131.0  12.9 1892
1728  125.0  10.0 1893
1729  121.6   9.8 1893
1730  109.5   9.3 1893
1731  146.8  10.8 1893
1732  141.3  10.6 1893
1733  149.8  10.9 1893
1734  147.6  10.9 1893
1735  215.4  13.1 1893
1736  129.9  10.2 1893
1737  133.3  10.3 1893
1738  125.2  10.0 1893
1739  156.4  11.2 1893
1740  138.6  10.5 1894
1741  141.0  10.6 1894
1742   87.1   8.3 1894
1743  136.0  10.4 1894
1744  168.7  11.6 1894
1745  164.8  11.5 1894
1746  176.7  11.9 1894
1747  117.1   9.6 1894
1748  110.0   9.4 1894
1749  125.7  10.0 1894
1750   94.3   8.7 1894
1751  100.1   8.9 1894
1752  105.4   9.2 1895
1753  112.0   9.4 1895
1754  101.6   9.0 1895
1755  128.2  10.1 1895
1756  112.5   9.4 1895
1757  119.1   9.7 1895
1758   79.7   8.0 1895
1759  114.9   9.6 1895
1760   96.1   8.8 1895
1761  113.2   9.5 1895
1762   78.6   7.9 1895
1763  117.9   9.7 1895
1764   48.4   6.2 1896
1765   95.7   8.7 1896
1766   86.5   8.3 1896
1767   73.0   7.6 1896
1768   46.1   6.1 1896
1769   81.7   8.1 1896
1770   75.2   7.7 1896
1771   45.4   6.0 1896
1772  102.2   9.0 1896
1773   47.9   6.2 1896
1774   63.3   7.1 1896
1775   71.0   7.5 1896
1776   67.6   7.3 1897
1777   49.0   6.2 1897
1778   48.7   6.2 1897
1779   51.7   6.4 1897
1780   33.3   5.2 1897
1781   18.9   4.0 1897
1782   46.1   6.1 1897
1783   36.4   5.4 1897
1784   80.4   8.0 1897
1785   23.9   4.5 1897
1786   14.0   3.5 1897
1787   55.5   6.7 1897
1788   50.4   6.3 1898
1789   60.7   7.0 1898
1790   63.9   7.2 1898
1791   24.2   4.5 1898
1792   43.0   5.9 1898
1793   37.1   5.4 1898
1794   15.0   3.7 1898
1795   52.3   6.5 1898
1796   58.1   6.8 1898
1797   57.1   6.8 1898
1798   51.6   6.4 1898
1799   21.1   4.2 1898
1800   32.4   5.1 1899
1801   15.3   3.7 1899
1802   30.3   5.0 1899
1803   23.6   4.4 1899
1804   12.9   3.3 1899
1805   34.1   5.2 1899
1806   22.5   4.4 1899
1807    4.9   2.6 1899
1808   14.0   3.5 1899
1809   21.7   4.4 1899
1810   13.0   3.4 1899
1811   17.6   3.9 1899
1812   15.7   3.7 1900
1813   22.8   4.5 1900
1814   14.4   3.6 1900
1815   26.8   4.6 1900
1816   25.3   4.6 1900
1817   20.1   4.2 1900
1818   13.9   3.6 1900
1819    7.1   2.9 1900
1820   13.9   3.6 1900
1821   21.6   4.3 1900
1822    7.5   2.9 1900
1823    0.5   2.0 1900
1824    0.4   2.0 1901
1825    4.0   2.4 1901
1826    7.4   3.0 1901
1827    0.0   2.0 1901
1828   17.0   4.0 1901
1829    9.7   3.1 1901
1830    1.2   2.1 1901
1831    1.7   2.2 1901
1832    0.9   2.1 1901
1833    6.3   2.8 1901
1834    6.4   2.7 1901
1835    0.0   2.0 1901
1836    9.3   3.2 1902
1837    0.0   2.0 1902
1838   20.7   4.3 1902
1839    0.0   2.0 1902
1840    4.7   2.5 1902
1841    2.4   2.3 1902
1842    1.5   2.2 1902
1843    3.8   2.4 1902
1844   12.6   3.5 1902
1845   27.2   4.7 1902
1846   17.2   4.0 1902
1847    1.8   2.2 1902
1848   13.9   3.5 1903
1849   28.4   4.8 1903
1850   22.5   4.4 1903
1851   43.5   5.9 1903
1852   24.3   4.5 1903
1853   27.2   4.7 1903
1854   46.4   6.1 1903
1855   48.0   6.2 1903
1856   18.5   4.0 1903
1857   64.8   7.2 1903
1858   74.2   7.7 1903
1859   76.2   7.8 1903
1860   52.6   6.5 1904
1861   40.8   5.7 1904
1862   61.9   7.0 1904
1863   71.6   7.6 1904
1864   65.7   7.2 1904
1865   69.8   7.5 1904
1866   84.3   8.2 1904
1867   97.1   8.8 1904
1868   50.2   6.3 1904
1869   90.4   8.5 1904
1870   63.4   7.1 1904
1871   91.1   8.5 1904
1872   91.2   8.5 1905
1873  143.0  10.7 1905
1874   94.3   8.7 1905
1875   65.5   7.2 1905
1876   79.9   8.0 1905
1877   81.6   8.1 1905
1878  121.6   9.8 1905
1879   98.1   8.8 1905
1880   91.8   8.5 1905
1881  131.2  10.2 1905
1882  178.7  11.9 1905
1883   92.5   8.6 1905
1884   75.8   7.8 1906
1885   52.3   6.5 1906
1886  107.4   9.2 1906
1887   92.2   8.6 1906
1888   96.2   8.7 1906
1889  105.3   9.2 1906
1890  172.7  11.7 1906
1891   79.6   8.0 1906
1892   93.5   8.6 1906
1893   29.7   4.9 1906
1894   64.8   7.2 1906
1895  108.0   9.3 1906
1896  127.4  10.1 1907
1897  180.3  12.0 1907
1898  101.1   9.0 1907
1899   87.6   8.4 1907
1900   71.4   7.5 1907
1901   67.2   7.3 1907
1902   82.9   8.1 1907
1903   90.5   8.5 1907
1904  141.7  10.6 1907
1905  109.1   9.3 1907
1906  102.5   9.0 1907
1907   78.9   7.9 1907
1908   65.4   7.2 1908
1909   56.6   6.7 1908
1910   47.9   6.2 1908
1911   96.1   8.7 1908
1912   68.0   7.4 1908
1913   80.2   8.0 1908
1914   65.8   7.2 1908
1915  150.9  11.0 1908
1916  144.9  10.7 1908
1917   53.9   6.6 1908
1918   75.9   7.8 1908
1919   65.9   7.2 1908
1920   94.6   8.7 1909
1921   77.6   7.9 1909
1922  110.5   9.4 1909
1923   53.7   6.5 1909
1924   60.0   6.9 1909
1925   37.8   5.5 1909
1926   59.6   6.9 1909
1927   38.5   5.5 1909
1928   64.7   7.2 1909
1929   97.4   8.8 1909
1930   93.0   8.6 1909
1931   90.2   8.5 1909
1932   44.0   5.9 1910
1933   52.5   6.5 1910
1934   35.7   5.3 1910
1935   14.1   3.5 1910
1936   36.9   5.4 1910
1937   20.5   4.1 1910
1938   23.5   4.4 1910
1939   19.3   4.1 1910
1940   43.7   5.9 1910
1941   63.9   7.1 1910
1942    8.3   3.0 1910
1943    9.6   3.1 1910
1944    5.6   2.6 1911
1945   15.0   3.7 1911
1946   13.0   3.5 1911
1947   27.6   4.7 1911
1948   15.1   3.7 1911
1949    3.7   2.4 1911
1950    5.9   2.7 1911
1951    6.7   2.7 1911
1952    6.7   2.8 1911
1953    4.5   2.5 1911
1954    7.0   2.7 1911
1955    3.7   2.4 1911
1956    0.4   2.1 1912
1957    0.0   2.0 1912
1958    8.2   2.9 1912
1959    7.6   3.0 1912
1960    7.4   2.8 1912
1961    6.9   2.7 1912
1962    4.9   2.6 1912
1963    0.5   2.1 1912
1964   15.9   3.7 1912
1965    7.6   3.0 1912
1966    1.9   2.3 1912
1967   10.6   3.3 1912
1968    3.8   2.4 1913
1969    4.8   2.6 1913
1970    0.8   2.1 1913
1971    1.6   2.2 1913
1972    0.0   2.0 1913
1973    0.0   2.0 1913
1974    2.9   2.4 1913
1975    0.4   2.0 1913
1976    2.0   2.3 1913
1977    5.2   2.6 1913
1978    1.2   2.1 1913
1979    6.3   2.8 1913
1980    4.7   2.6 1914
1981    4.4   2.5 1914
1982    5.3   2.6 1914
1983   28.9   4.8 1914
1984    8.7   3.1 1914
1985   19.1   4.1 1914
1986    9.1   3.0 1914
1987   12.9   3.5 1914
1988   21.2   4.2 1914
1989   13.7   3.5 1914
1990   27.3   4.7 1914
1991   37.3   5.4 1914
1992   38.5   5.5 1915
1993   70.4   7.5 1915
1994   64.8   7.2 1915
1995   68.9   7.4 1915
1996   55.1   6.7 1915
1997  114.7   9.5 1915
1998  119.4   9.7 1915
1999  116.0   9.6 1915
2000   82.4   8.1 1915
2001   89.1   8.4 1915
2002   70.9   7.5 1915
2003   57.5   6.8 1915
2004   75.5   7.8 1916
2005   92.4   8.6 1916
2006  111.7   9.4 1916
2007  119.8   9.8 1916
2008  124.0   9.9 1916
2009  112.9   9.5 1916
2010   89.3   8.4 1916
2011   58.6   6.9 1916
2012   75.1   7.7 1916
2013   84.5   8.2 1916
2014  109.5   9.3 1916
2015   88.3   8.4 1916
2016  124.5  10.0 1917
2017  119.9   9.8 1917
2018  158.0  11.2 1917
2019  124.6  10.0 1917
2020  190.2  12.3 1917
2021  191.4  12.3 1917
2022  199.7  12.6 1917
2023  257.7  14.3 1917
2024  215.6  13.1 1917
2025  120.3   9.8 1917
2026  160.7  11.3 1917
2027  215.5  13.1 1917
2028  160.0  11.3 1918
2029  108.7   9.3 1918
2030  120.4   9.8 1918
2031  134.1  10.3 1918
2032  127.9  10.1 1918
2033   99.0   8.9 1918
2034  179.5  11.9 1918
2035  169.6  11.6 1918
2036  133.2  10.3 1918
2037  141.7  10.6 1918
2038  139.0  10.5 1918
2039   98.5   8.9 1918
2040   80.2   8.0 1919
2041  132.5  10.3 1919
2042  110.9   9.4 1919
2043   86.3   8.3 1919
2044  146.9  10.8 1919
2045  185.3  12.1 1919
2046  107.8   9.3 1919
2047  115.1   9.6 1919
2048   91.1   8.5 1919
2049   88.0   8.4 1919
2050   69.9   7.5 1919
2051   58.0   6.8 1919
2052   85.3   8.2 1920
2053   89.8   8.5 1920
2054  116.9   9.6 1920
2055   24.7   4.5 1920
2056   55.4   6.6 1920
2057   64.6   7.2 1920
2058   45.7   6.0 1920
2059   31.9   5.1 1920
2060   60.5   7.0 1920
2061   82.7   8.1 1920
2062   45.3   6.0 1920
2063   49.8   6.3 1920
2064   52.5   6.5 1921
2065   47.1   6.1 1921
2066   44.5   6.0 1921
2067   54.0   6.6 1921
2068   37.0   5.5 1921
2069   56.2   6.7 1921
2070   69.7   7.4 1921
2071   38.0   5.5 1921
2072   29.6   4.9 1921
2073   30.3   5.0 1921
2074   29.6   5.0 1921
2075   33.9   5.3 1921
2076   19.7   4.1 1922
2077   43.9   6.0 1922
2078   91.3   8.5 1922
2079   18.3   4.0 1922
2080   13.4   3.5 1922
2081    9.8   3.1 1922
2082   18.3   4.0 1922
2083   10.9   3.3 1922
2084    7.8   2.8 1922
2085   10.4   3.2 1922
2086   12.2   3.3 1922
2087   29.0   5.0 1922
2088    7.5   3.0 1923
2089    2.5   2.3 1923
2090    5.5   2.6 1923
2091   10.2   3.1 1923
2092    5.3   2.6 1923
2093   15.3   3.7 1923
2094    5.9   2.7 1923
2095    0.8   2.1 1923
2096   22.1   4.2 1923
2097   19.5   4.0 1923
2098   16.7   3.8 1923
2099    4.6   2.6 1923
2100    0.8   2.1 1924
2101    8.5   3.1 1924
2102    3.0   2.4 1924
2103   18.9   4.2 1924
2104   34.6   5.3 1924
2105   40.0   5.6 1924
2106   46.9   6.1 1924
2107   32.1   5.1 1924
2108   41.9   5.8 1924
2109   42.6   5.8 1924
2110   37.5   5.6 1924
2111   27.5   4.8 1924
2112    9.1   3.1 1925
2113   38.6   5.6 1925
2114   30.0   5.0 1925
2115   53.0   6.5 1925
2116   71.4   7.5 1925
2117   79.1   7.9 1925
2118   64.2   7.2 1925
2119   63.3   7.1 1925
2120  100.3   8.9 1925
2121  115.3   9.6 1925
2122   97.6   8.8 1925
2123  164.4  11.4 1925
2124  119.7   9.8 1926
2125  116.4   9.6 1926
2126  104.2   9.1 1926
2127   64.2   7.2 1926
2128  107.0   9.2 1926
2129  122.4   9.9 1926
2130   87.2   8.3 1926
2131  102.7   9.0 1926
2132  101.4   9.0 1926
2133  119.3   9.7 1926
2134  100.8   9.0 1926
2135  132.4  10.3 1926
2136  136.0  10.4 1927
2137  155.1  11.1 1927
2138  116.1   9.6 1927
2139  155.8  11.1 1927
2140  131.9  10.2 1927
2141   98.5   8.8 1927
2142   91.6   8.5 1927
2143   89.6   8.4 1927
2144  114.1   9.5 1927
2145  105.2   9.1 1927
2146  112.1   9.4 1927
2147   75.3   7.7 1927
2148  139.2  10.5 1928
2149  122.4   9.9 1928
2150  142.4  10.7 1928
2151  134.3  10.3 1928
2152  128.3  10.1 1928
2153  152.4  11.0 1928
2154  163.4  11.4 1928
2155  139.6  10.5 1928
2156  149.6  10.9 1928
2157  102.3   9.0 1928
2158   83.9   8.2 1928
2159   98.3   8.8 1928
2160  114.8   9.6 1929
2161  104.7   9.1 1929
2162   83.8   8.2 1929
2163   87.9   8.4 1929
2164   97.0   8.8 1929
2165  119.9   9.8 1929
2166  117.1   9.6 1929
2167  109.6   9.3 1929
2168   57.3   6.8 1929
2169   90.1   8.5 1929
2170  135.1  10.4 1929
2171  179.9  12.0 1929
2172  108.8   9.3 1930
2173   83.1   8.1 1930
2174   58.4   6.8 1930
2175   63.7   7.1 1930
2176   61.4   7.0 1930
2177   48.0   6.2 1930
2178   36.5   5.4 1930
2179   41.5   5.7 1930
2180   53.5   6.5 1930
2181   57.2   6.8 1930
2182   59.4   6.9 1930
2183   43.0   5.9 1930
2184   24.4   4.5 1931
2185   71.8   7.6 1931
2186   50.1   6.3 1931
2187   52.0   6.4 1931
2188   40.8   5.7 1931
2189   25.5   4.7 1931
2190   29.0   4.8 1931
2191   21.6   4.3 1931
2192   31.7   5.0 1931
2193   16.6   3.7 1931
2194   31.2   5.1 1931
2195   29.7   4.9 1931
2196   20.1   4.1 1932
2197   17.6   3.9 1932
2198   18.8   4.0 1932
2199   18.7   4.1 1932
2200   29.7   4.9 1932
2201   36.9   5.4 1932
2202   16.0   3.8 1932
2203   11.3   3.3 1932
2204    6.6   2.7 1932
2205   14.8   3.5 1932
2206   13.7   3.5 1932
2207   18.5   3.9 1932
2208   20.4   4.2 1933
2209   36.9   5.6 1933
2210   16.8   3.8 1933
2211    4.9   2.6 1933
2212    5.3   2.6 1933
2213    8.7   3.0 1933
2214    4.7   2.6 1933
2215    0.4   2.0 1933
2216    8.5   3.0 1933
2217    5.0   2.6 1933
2218    1.0   2.1 1933
2219    0.4   2.1 1933
2220    5.7   2.7 1934
2221   12.9   3.4 1934
2222    7.2   2.8 1934
2223   18.8   4.0 1934
2224   32.9   5.2 1934
2225   11.2   3.3 1934
2226   15.3   3.7 1934
2227   13.9   3.6 1934
2228    6.7   2.8 1934
2229    9.5   3.0 1934
2230   14.5   3.6 1934
2231   25.7   4.7 1934
2232   31.1   5.0 1935
2233   34.1   5.2 1935
2234   38.5   5.6 1935
2235   20.4   4.2 1935
2236   45.4   6.1 1935
2237   76.2   7.8 1935
2238   56.5   6.7 1935
2239   50.2   6.3 1935
2240   70.1   7.5 1935
2241   88.7   8.4 1935
2242  107.0   9.2 1935
2243  102.5   9.0 1935
2244  104.7   9.1 1936
2245  123.9   9.9 1936
2246  128.4  10.1 1936
2247  124.8  10.0 1936
2248   90.9   8.5 1936
2249  116.7   9.6 1936
2250   87.2   8.3 1936
2251  145.0  10.7 1936
2252  126.7  10.0 1936
2253  148.2  10.9 1936
2254  192.3  12.4 1936
2255  205.6  12.8 1936
2256  220.9  13.3 1937
2257  214.1  13.0 1937
2258  139.7  10.5 1937
2259  182.2  12.0 1937
2260  194.4  12.4 1937
2261  217.1  13.1 1937
2262  241.8  13.9 1937
2263  229.5  13.5 1937
2264  167.9  11.6 1937
2265  208.2  12.9 1937
2266  123.9   9.9 1937
2267  147.9  10.8 1937
2268  164.0  11.4 1938
2269  198.6  12.6 1938
2270  144.2  10.7 1938
2271  168.4  11.6 1938
2272  212.3  13.0 1938
2273  162.6  11.4 1938
2274  275.6  14.8 1938
2275  192.8  12.4 1938
2276  149.3  10.9 1938
2277  165.3  11.5 1938
2278  203.6  12.7 1938
2279  154.7  11.1 1938
2280  133.9  10.3 1939
2281  129.0  10.1 1939
2282  107.8   9.3 1939
2283  181.9  12.0 1939
2284  197.3  12.5 1939
2285  168.3  11.6 1939
2286  162.6  11.4 1939
2287  176.3  11.8 1939
2288  187.7  12.2 1939
2289  146.9  10.8 1939
2290  113.7   9.5 1939
2291   70.2   7.5 1939
2292   84.1   8.2 1940
2293   99.1   8.9 1940
2294  138.9  10.5 1940
2295  101.1   9.0 1940
2296   90.6   8.5 1940
2297  139.8  10.5 1940
2298  112.5   9.5 1940
2299  175.9  11.8 1940
2300  110.8   9.4 1940
2301   91.5   8.5 1940
2302   97.4   8.8 1940
2303  113.8   9.5 1940
2304   76.1   7.8 1941
2305   74.3   7.7 1941
2306   77.5   7.8 1941
2307   54.6   6.6 1941
2308   49.0   6.3 1941
2309   99.6   8.9 1941
2310  111.4   9.4 1941
2311  100.1   8.9 1941
2312  109.8   9.4 1941
2313   77.2   7.8 1941
2314   64.0   7.2 1941
2315   56.2   6.7 1941
2316   59.5   6.9 1942
2317   87.9   8.4 1942
2318   90.4   8.5 1942
2319  101.2   9.0 1942
2320   41.8   5.8 1942
2321   18.9   4.0 1942
2322   29.6   4.9 1942
2323   33.7   5.2 1942
2324   28.7   4.8 1942
2325   32.0   5.1 1942
2326   51.3   6.4 1942
2327   37.6   5.5 1942
2328   20.7   4.1 1943
2329   48.1   6.2 1943
2330   45.7   6.0 1943
2331   43.5   5.9 1943
2332   23.6   4.3 1943
2333   12.7   3.4 1943
2334   22.0   4.3 1943
2335   32.3   5.1 1943
2336   16.7   3.9 1943
2337   13.0   3.4 1943
2338   17.0   3.9 1943
2339   31.4   5.1 1943
2340    6.1   2.7 1944
2341    0.8   2.1 1944
2342   18.3   4.0 1944
2343    0.4   2.1 1944
2344    4.1   2.6 1944
2345    8.2   2.8 1944
2346    8.5   2.9 1944
2347   27.9   4.8 1944
2348   23.7   4.4 1944
2349   28.1   4.8 1944
2350   17.9   3.9 1944
2351   47.4   6.2 1944
2352   30.8   5.0 1945
2353   21.2   4.2 1945
2354   35.9   5.4 1945
2355   53.4   6.5 1945
2356   51.0   6.4 1945
2357   60.2   6.9 1945
2358   71.0   7.5 1945
2359   43.1   5.9 1945
2360   58.1   6.8 1945
2361  114.5   9.5 1945
2362   76.6   7.8 1945
2363   45.7   6.0 1945
2364   79.3   7.9 1946
2365  143.8  10.7 1946
2366  127.7  10.1 1946
2367  126.1  10.0 1946
2368  141.6  10.6 1946
2369  122.6   9.9 1946
2370  193.7  12.4 1946
2371  178.7  11.9 1946
2372  157.4  11.2 1946
2373  170.5  11.6 1946
2374  206.3  12.8 1946
2375  202.9  12.7 1946
2376  163.7   8.5 1947
2377  188.9   9.2 1947
2378  183.8   9.1 1947
2379  212.1   9.7 1947
2380  285.0  11.3 1947
2381  232.1  10.2 1947
2382  223.5  10.0 1947
2383  267.4  10.9 1947
2384  239.9  10.4 1947
2385  231.7  10.2 1947
2386  181.3   9.0 1947
2387  164.9   8.6 1947
2388  153.6   8.3 1948
2389  122.0   7.4 1948
2390  134.3   7.7 1948
2391  268.5  11.0 1948
2392  246.4  10.5 1948
2393  237.5  10.3 1948
2394  201.4   9.5 1948
2395  223.7  10.0 1948
2396  202.9   9.5 1948
2397  192.9   9.3 1948
2398  135.6   7.8 1948
2399  195.3   9.3 1948
2400  168.6   8.7 1949
2401  258.0  10.8 1949
2402  223.0  10.0 1949
2403  208.1   9.7 1949
2404  150.4   8.2 1949
2405  172.4   8.8 1949
2406  178.3   8.9 1949
2407  175.3   8.9 1949
2408  205.8   9.6 1949
2409  186.3   9.1 1949
2410  203.2   9.5 1949
2411  166.6   8.6 1949
2412  143.9   8.0 1950
2413  134.3   7.7 1950
2414  155.4   8.3 1950
2415  160.6   8.5 1950
2416  150.5   8.2 1950
2417  118.3   7.3 1950
2418  128.9   7.6 1950
2419  120.6   7.3 1950
2420   72.7   5.7 1950
2421   87.0   6.2 1950
2422   77.7   5.9 1950
2423   76.7   5.9 1950
2424   85.0   6.2 1951
2425   84.8   6.1 1951
2426   79.3   5.9 1951
2427  131.7   7.7 1951
2428  153.7   8.3 1951
2429  142.4   8.0 1951
2430   87.2   6.2 1951
2431   86.5   6.2 1951
2432  117.7   7.2 1951
2433   73.3   5.7 1951
2434   74.2   5.7 1951
2435   65.0   5.4 1951
2436   57.9   5.1 1952
2437   32.4   3.8 1952
2438   31.5   3.8 1952
2439   41.7   4.3 1952
2440   33.6   3.9 1952
2441   52.0   4.8 1952
2442   56.1   5.0 1952
2443   77.8   5.9 1952
2444   40.4   4.3 1952
2445   34.2   3.9 1952
2446   31.8   3.8 1952
2447   48.9   4.7 1952
2448   37.9   4.1 1953
2449    5.9   1.7 1953
2450   14.7   2.6 1953
2451   39.6   4.2 1953
2452   18.3   2.9 1953
2453   31.5   3.8 1953
2454   12.7   2.4 1953
2455   33.6   3.9 1953
2456   28.0   3.6 1953
2457   12.3   2.4 1953
2458    2.5   1.1 1953
2459    3.9   1.3 1953
2460    0.4   0.4 1954
2461    0.8   0.6 1954
2462   15.8   2.7 1954
2463    2.7   1.1 1954
2464    1.2   0.7 1954
2465    0.4   0.4 1954
2466    7.3   1.9 1954
2467   12.6   2.4 1954
2468    2.3   1.0 1954
2469   10.5   2.2 1954
2470   13.4   2.5 1954
2471   11.3   2.3 1954
2472   33.4   3.9 1955
2473   29.9   3.7 1955
2474    7.3   1.9 1955
2475   16.4   2.7 1955
2476   41.3   4.3 1955
2477   45.2   4.5 1955
2478   38.2   4.1 1955
2479   58.0   5.1 1955
2480   60.8   5.2 1955
2481   83.0   6.1 1955
2482  126.3   7.5 1955
2483  108.8   6.9 1955
2484  104.1   6.8 1956
2485  175.6   8.9 1956
2486  167.7   8.6 1956
2487  156.7   8.4 1956
2488  193.4   9.3 1956
2489  165.1   8.6 1956
2490  182.7   9.0 1956
2491  240.2  10.4 1956
2492  245.4  10.5 1956
2493  219.9   9.9 1956
2494  285.0  11.3 1956
2495  272.0  11.0 1956
2496  233.7  10.2 1957
2497  184.5   9.1 1957
2498  222.8  10.0 1957
2499  248.0  10.5 1957
2500  233.0  10.2 1957
2501  284.3  11.3 1957
2502  265.1  10.9 1957
2503  223.7  10.0 1957
2504  334.0  12.3 1957
2505  359.4  12.7 1957
2506  298.6  11.6 1957
2507  339.0  12.3 1957
2508  286.7  11.3 1958
2509  233.6  10.2 1958
2510  270.0  11.0 1958
2511  277.6  11.2 1958
2512  248.2  10.5 1958
2513  242.9  10.4 1958
2514  271.0  11.0 1958
2515  283.5  11.3 1958
2516  285.1  11.3 1958
2517  256.9  10.7 1958
2518  215.6   9.8 1958
2519  265.7  10.9 1958
2520  307.7  11.7 1959
2521  202.6   9.5 1959
2522  263.0  10.9 1959
2523  231.3  10.2 1959
2524  243.6  10.4 1959
2525  238.9  10.3 1959
2526  211.9   9.7 1959
2527  282.6  11.3 1959
2528  205.6   9.6 1959
2529  157.7   8.4 1959
2530  175.6   8.9 1959
2531  177.1   8.9 1959
2532  207.2   9.6 1960
2533  149.9   8.2 1960
2534  144.6   8.0 1960
2535  172.7   8.8 1960
2536  169.3   8.7 1960
2537  156.0   8.3 1960
2538  172.4   8.8 1960
2539  190.0   9.2 1960
2540  180.1   9.0 1960
2541  117.3   7.2 1960
2542  126.9   7.5 1960
2543  121.2   7.4 1960
2544   82.1   6.0 1961
2545   65.4   5.4 1961
2546   75.2   5.8 1961
2547   86.9   6.2 1961
2548   72.3   5.7 1961
2549  109.5   7.0 1961
2550   99.3   6.6 1961
2551   79.2   6.0 1961
2552   90.1   6.3 1961
2553   53.7   4.9 1961
2554   46.5   4.6 1961
2555   56.9   5.0 1961
2556   55.1   5.0 1962
2557   71.7   5.7 1962
2558   64.9   5.4 1962
2559   65.9   5.4 1962
2560   61.9   5.2 1962
2561   59.6   5.2 1962
2562   31.4   3.8 1962
2563   31.5   3.8 1962
2564   72.7   5.7 1962
2565   56.1   5.0 1962
2566   38.8   4.2 1962
2567   33.2   3.9 1962
2568   28.7   3.6 1963
2569   35.2   4.0 1963
2570   24.8   3.4 1963
2571   41.7   4.3 1963
2572   61.1   5.2 1963
2573   51.2   4.8 1963
2574   28.7   3.6 1963
2575   47.5   4.6 1963
2576   55.2   5.0 1963
2577   50.1   4.7 1963
2578   33.7   3.9 1963
2579   21.6   3.2 1963
2580   22.6   3.2 1964
2581   25.3   3.4 1964
2582   24.1   3.3 1964
2583   12.9   2.5 1964
2584   14.3   2.6 1964
2585   13.5   2.5 1964
2586    4.8   1.5 1964
2587   13.8   2.5 1964
2588    7.0   1.8 1964
2589    9.2   2.1 1964
2590   11.1   2.3 1964
2591   22.1   3.2 1964
2592   25.4   3.4 1965
2593   20.8   3.1 1965
2594   17.5   2.8 1965
2595   10.2   2.2 1965
2596   34.5   3.9 1965
2597   23.3   3.3 1965
2598   17.3   2.8 1965
2599   13.3   2.5 1965
2600   24.5   3.4 1965
2601   29.1   3.6 1965
2602   22.8   3.2 1965
2603   24.7   3.4 1965
2604   40.3   4.3 1966
2605   35.3   4.0 1966
2606   36.4   4.0 1966
2607   69.0   5.5 1966
2608   64.2   5.3 1966
2609   67.7   5.5 1966
2610   80.2   6.0 1966
2611   72.6   5.7 1966
2612   71.1   5.6 1966
2613   81.2   6.0 1966
2614   81.0   6.0 1966
2615   99.8   6.7 1966
2616  157.0   8.4 1967
2617  132.6   7.7 1967
2618  158.3   8.4 1967
2619   98.4   6.6 1967
2620  122.5   7.4 1967
2621   95.4   6.5 1967
2622  129.5   7.6 1967
2623  151.8   8.2 1967
2624  108.7   7.0 1967
2625  125.0   7.5 1967
2626  133.6   7.7 1967
2627  179.0   8.9 1967
2628  172.5   8.8 1968
2629  158.5   8.4 1968
2630  130.5   7.6 1968
2631  115.0   7.2 1968
2632  180.0   9.0 1968
2633  156.2   8.3 1968
2634  136.2   7.8 1968
2635  154.8   8.3 1968
2636  166.0   8.6 1968
2637  152.5   8.2 1968
2638  121.7   7.4 1968
2639  155.5   8.3 1968
2640  147.8   8.1 1969
2641  170.5   8.7 1969
2642  192.3   9.3 1969
2643  151.1   8.2 1969
2644  169.9   8.7 1969
2645  150.1   8.2 1969
2646  137.1   7.8 1969
2647  138.8   7.9 1969
2648  129.3   7.6 1969
2649  135.4   7.8 1969
2650  132.4   7.7 1969
2651  138.6   7.9 1969
2652  157.9   8.4 1970
2653  180.8   9.0 1970
2654  145.7   8.1 1970
2655  155.1   8.3 1970
2656  180.5   9.0 1970
2657  151.3   8.2 1970
2658  159.3   8.4 1970
2659  131.7   7.7 1970
2660  140.8   7.9 1970
2661  122.6   7.4 1970
2662  134.8   7.8 1970
2663  118.2   7.2 1970
2664  129.2   7.6 1971
2665  111.8   7.0 1971
2666   85.9   6.2 1971
2667  101.6   6.7 1971
2668   81.5   6.0 1971
2669   70.7   5.6 1971
2670  114.7   7.1 1971
2671   87.0   6.2 1971
2672   71.3   5.6 1971
2673   73.4   5.7 1971
2674   89.5   6.3 1971
2675  116.5   7.2 1971
2676   87.0   6.2 1972
2677  125.3   7.5 1972
2678  113.5   7.1 1972
2679   89.6   6.3 1972
2680  113.9   7.1 1972
2681  124.7   7.4 1972
2682  108.3   6.9 1972
2683  108.9   7.0 1972
2684   90.7   6.4 1972
2685   86.9   6.2 1972
2686   59.2   5.2 1972
2687   64.3   5.4 1972
2688   61.8   5.2 1973
2689   60.9   5.2 1973
2690   65.4   5.4 1973
2691   81.8   6.0 1973
2692   60.3   5.2 1973
2693   56.1   5.0 1973
2694   33.2   3.9 1973
2695   36.6   4.1 1973
2696   84.1   6.1 1973
2697   43.7   4.4 1973
2698   34.3   3.9 1973
2699   33.3   3.9 1973
2700   39.4   4.2 1974
2701   37.3   4.1 1974
2702   30.9   3.8 1974
2703   57.5   5.1 1974
2704   56.3   5.0 1974
2705   51.5   4.8 1974
2706   79.1   5.9 1974
2707   47.9   4.6 1974
2708   57.2   5.0 1974
2709   67.2   5.5 1974
2710   35.9   4.0 1974
2711   29.6   3.7 1974
2712   27.3   3.5 1975
2713   16.7   2.8 1975
2714   16.9   2.8 1975
2715    7.7   1.9 1975
2716   13.1   2.5 1975
2717   16.7   2.8 1975
2718   40.4   4.3 1975
2719   56.7   5.0 1975
2720   20.3   3.1 1975
2721   13.6   2.5 1975
2722   27.9   3.6 1975
2723   11.6   2.3 1975
2724   11.9   2.3 1976
2725    6.4   1.7 1976
2726   31.5   3.8 1976
2727   27.3   3.5 1976
2728   18.2   2.9 1976
2729   17.9   2.9 1976
2730    2.9   1.2 1976
2731   24.1   3.3 1976
2732   20.0   3.0 1976
2733   29.7   3.7 1976
2734    7.9   1.9 1976
2735   22.3   3.2 1976
2736   23.8   3.3 1977
2737   33.3   3.9 1977
2738   13.0   2.5 1977
2739   19.0   3.0 1977
2740   27.0   3.5 1977
2741   54.9   5.0 1977
2742   30.6   3.7 1977
2743   43.0   4.4 1977
2744   62.4   5.3 1977
2745   62.1   5.3 1977
2746   41.6   4.3 1977
2747   61.4   5.2 1977
2748   73.7   5.7 1978
2749  132.6   7.7 1978
2750  108.4   6.9 1978
2751  141.2   7.9 1978
2752  117.1   7.2 1978
2753  134.6   7.8 1978
2754   99.7   6.7 1978
2755   82.4   6.0 1978
2756  195.7   9.3 1978
2757  177.1   8.9 1978
2758  138.5   7.9 1978
2759  173.9   8.8 1978
2760  235.9  10.3 1979
2761  194.7   9.3 1979
2762  195.3   9.3 1979
2763  143.7   8.0 1979
2764  190.3   9.2 1979
2765  211.7   9.7 1979
2766  225.7  10.0 1979
2767  201.4   9.5 1979
2768  266.9  10.9 1979
2769  263.6  10.9 1979
2770  259.5  10.8 1979
2771  249.6  10.6 1979
2772  226.1  10.1 1980
2773  219.4   9.9 1980
2774  178.7   8.9 1980
2775  232.2  10.2 1980
2776  254.7  10.7 1980
2777  222.7  10.0 1980
2778  192.9   9.3 1980
2779  191.7   9.3 1980
2780  219.6   9.9 1980
2781  233.3  10.2 1980
2782  209.5   9.7 1980
2783  246.9  10.5 1980
2784  156.6   9.5 1981
2785  189.9  12.4 1981
2786  196.6  11.6 1981
2787  225.3  14.9 1981
2788  194.7  13.4 1981
2789  131.6   9.5 1981
2790  205.3  13.0 1981
2791  242.5  13.9 1981
2792  245.3  18.5 1981
2793  216.2  12.1 1981
2794  186.0  14.2 1981
2795  195.4  11.9 1981
2796  149.8  10.2 1982
2797  230.9  13.6 1982
2798  221.1  11.4 1982
2799  170.3   8.3 1982
2800  119.3   8.5 1982
2801  163.7  11.2 1982
2802  139.4  14.0 1982
2803  161.9  11.8 1982
2804  167.4   9.7 1982
2805  134.3  10.4 1982
2806  127.5  18.6 1982
2807  169.0  15.4 1982
2808  115.5   8.7 1983
2809   73.1   6.3 1983
2810   88.7   7.1 1983
2811  109.6   9.7 1983
2812  132.5   9.4 1983
2813  131.5   8.2 1983
2814  108.9   7.3 1983
2815   96.0   8.4 1983
2816   69.9   5.5 1983
2817   72.5   7.0 1983
2818   45.7   7.3 1983
2819   45.6   5.5 1983
2820   74.8   6.5 1984
2821  110.2   8.1 1984
2822  116.7   8.7 1984
2823   90.4   7.6 1984
2824   96.9   7.0 1984
2825   65.1   5.4 1984
2826   55.7   5.1 1984
2827   35.0   3.4 1984
2828   22.6   3.9 1984
2829   12.6   3.8 1984
2830   26.5   4.7 1984
2831   21.4   3.9 1984
2832   17.8   3.9 1985
2833   20.7   3.8 1985
2834   16.9   3.9 1985
2835   20.4   3.7 1985
2836   32.4   3.7 1985
2837   28.3   3.9 1985
2838   39.9   3.8 1985
2839   10.1   3.5 1985
2840    4.3   2.4 1985
2841   22.0   4.2 1985
2842   17.9   2.6 1985
2843   15.8   4.6 1985
2844    2.8   2.8 1986
2845   27.9   3.6 1986
2846   13.8   3.8 1986
2847   22.4   4.1 1986
2848   16.1   3.6 1986
2849    0.6   2.1 1986
2850   18.1   3.9 1986
2851    9.9   2.3 1986
2852    5.1   3.0 1986
2853   40.1   4.4 1986
2854   15.4   4.3 1986
2855    5.8   2.8 1986
2856    9.8   2.7 1987
2857    3.4   2.6 1987
2858   17.4   3.0 1987
2859   46.0   4.4 1987
2860   39.1   3.5 1987
2861   18.8   3.5 1987
2862   38.2   4.3 1987
2863   47.9   3.3 1987
2864   42.2   3.5 1987
2865   63.4   4.8 1987
2866   48.8   5.1 1987
2867   29.1   3.2 1987
2868   70.5   5.5 1988
2869   45.4   4.6 1988
2870   91.2   5.7 1988
2871  108.8   6.7 1988
2872   74.2   6.1 1988
2873  124.3   8.3 1988
2874  131.4   9.6 1988
2875  139.4   9.0 1988
2876  142.7   9.4 1988
2877  156.5   9.7 1988
2878  156.8   8.9 1988
2879  231.2  13.5 1988
2880  210.1  15.0 1989
2881  208.7  12.7 1989
2882  170.4  10.2 1989
2883  166.3   9.7 1989
2884  195.4  10.6 1989
2885  284.5  15.5 1989
2886  180.5  10.2 1989
2887  232.0  13.5 1989
2888  225.1  14.9 1989
2889  212.2  11.2 1989
2890  238.2  15.2 1989
2891  211.4  13.5 1989
2892  227.4  13.6 1990
2893  171.8  11.3 1990
2894  191.7  11.0 1990
2895  189.7  10.1 1990
2896  175.2  10.0 1990
2897  153.3   9.1 1990
2898  191.1   9.8 1990
2899  252.1  12.8 1990
2900  169.1   9.2 1990
2901  199.4  12.6 1990
2902  178.8  12.3 1990
2903  197.1  12.6 1990
2904  195.3  14.5 1991
2905  240.3  13.9 1991
2906  197.0  11.8 1991
2907  197.6  11.9 1991
2908  166.9   9.9 1991
2909  224.7  12.9 1991
2910  240.2  13.7 1991
2911  240.8  14.3 1991
2912  168.9  11.3 1991
2913  197.1  13.2 1991
2914  159.5  10.1 1991
2915  212.6  14.1 1991
2916  198.3  12.9 1992
2917  230.7  14.5 1992
2918  151.0   9.2 1992
2919  142.2   9.5 1992
2920   94.3   7.7 1992
2921   98.5   6.6 1992
2922  114.2   7.7 1992
2923   91.9   6.7 1992
2924   94.0   5.5 1992
2925  133.4   8.2 1992
2926  129.6   8.2 1992
2927  122.0   8.4 1992
2928   81.4   5.9 1993
2929  127.8   8.3 1993
2930  102.4   6.6 1993
2931   94.4   6.7 1993
2932   78.8   5.7 1993
2933   69.6   5.4 1993
2934   80.4   5.4 1993
2935   62.5   5.0 1993
2936   31.2   4.5 1993
2937   71.1   5.5 1993
2938   48.2   4.4 1993
2939   68.4   5.9 1993
2940   84.9   6.6 1994
2941   54.9   4.8 1994
2942   47.5   4.1 1994
2943   27.4   3.9 1994
2944   29.8   4.1 1994
2945   39.7   5.0 1994
2946   50.6   4.3 1994
2947   34.3   3.2 1994
2948   40.5   4.1 1994
2949   67.1   4.2 1994
2950   29.5   4.7 1994
2951   32.2   3.5 1994
2952   32.6   5.3 1995
2953   45.8   3.9 1995
2954   46.3   3.8 1995
2955   21.6   3.6 1995
2956   19.4   2.8 1995
2957   22.5   3.8 1995
2958   20.4   3.1 1995
2959   18.2   3.6 1995
2960   15.7   3.0 1995
2961   30.6   3.7 1995
2962   14.0   3.7 1995
2963   14.9   3.6 1995
2964   13.3   3.4 1996
2965    7.7   3.4 1996
2966   12.6   3.1 1996
2967    6.8   2.5 1996
2968    7.6   3.1 1996
2969   16.5   2.9 1996
2970   11.8   2.6 1996
2971   19.7   3.5 1996
2972    3.0   2.5 1996
2973    0.7   2.1 1996
2974   24.9   4.4 1996
2975   14.0   2.9 1996
2976    7.4   3.2 1997
2977   11.0   2.9 1997
2978   12.1   2.4 1997
2979   23.0   3.3 1997
2980   25.4   2.8 1997
2981   20.8   2.5 1997
2982   12.9   4.2 1997
2983   35.7   3.8 1997
2984   59.7   4.8 1997
2985   32.8   3.6 1997
2986   50.4   4.7 1997
2987   55.5   4.6 1997
2988   44.5   4.6 1998
2989   50.2   4.6 1998
2990   82.0   5.9 1998
2991   70.6   7.2 1998
2992   74.0   4.8 1998
2993   90.5   6.0 1998
2994   96.7   6.3 1998
2995  121.1   7.4 1998
2996  132.0   8.6 1998
2997   78.5   6.6 1998
2998   97.3   6.8 1998
2999  119.2   9.4 1998
3000   86.0   7.6 1999
3001   98.0   7.6 1999
3002  103.5   6.8 1999
3003   93.6   7.5 1999
3004  149.6   8.5 1999
3005  207.2  10.5 1999
3006  173.5   9.3 1999
3007  142.3  12.9 1999
3008  106.3   6.5 1999
3009  168.7  10.4 1999
3010  188.3  12.3 1999
3011  116.8   9.3 1999
3012  133.1  10.4 2000
3013  165.7  10.4 2000
3014  217.7  11.9 2000
3015  191.5  10.2 2000
3016  165.9  10.1 2000
3017  188.0   8.8 2000
3018  244.3  12.0 2000
3019  180.5   9.4 2000
3020  156.0  11.2 2000
3021  141.6   8.0 2000
3022  158.1   8.9 2000
3023  143.3   8.7 2000
3024  142.6   9.2 2001
3025  121.5   8.1 2001
3026  165.8  11.9 2001
3027  161.7   9.4 2001
3028  142.1   8.3 2001
3029  202.9  10.8 2001
3030  123.0   8.4 2001
3031  161.5   9.3 2001
3032  238.2  12.1 2001
3033  194.1  11.3 2001
3034  176.6  13.3 2001
3035  213.4  12.5 2001
3036  184.6  11.7 2002
3037  170.2  11.3 2002
3038  147.1   9.1 2002
3039  186.9   9.8 2002
3040  187.5   9.7 2002
3041  128.8   7.7 2002
3042  161.0  11.0 2002
3043  175.6   9.8 2002
3044  187.9  10.1 2002
3045  151.2   8.0 2002
3046  147.2   8.2 2002
3047  135.3  10.0 2002
3048  133.5   7.4 2003
3049   75.7   5.7 2003
3050  100.7   7.5 2003
3051   97.9   6.4 2003
3052   86.8   6.6 2003
3053  118.7   7.9 2003
3054  128.3   7.9 2003
3055  115.4   7.3 2003
3056   78.5   5.8 2003
3057   97.8   8.8 2003
3058   82.9   6.3 2003
3059   72.2   5.3 2003
3060   60.6   5.2 2004
3061   74.6   6.0 2004
3062   74.8   5.1 2004
3063   59.2   5.1 2004
3064   72.8   5.7 2004
3065   66.5   6.8 2004
3066   83.8   8.8 2004
3067   69.7   5.5 2004
3068   48.8   5.3 2004
3069   74.2   5.5 2004
3070   70.1   5.4 2004
3071   28.9   3.4 2004
3072   48.1   4.6 2005
3073   43.5   4.3 2005
3074   39.6   3.8 2005
3075   38.7   3.8 2005
3076   61.9   5.7 2005
3077   56.8   5.3 2005
3078   62.4   6.1 2005
3079   60.5   5.3 2005
3080   37.2   4.5 2005
3081   13.2   3.4 2005
3082   27.5   4.1 2005
3083   59.3   3.9 2005
3084   20.9   3.4 2006
3085    5.7   3.7 2006
3086   17.3   4.2 2006
3087   50.3   5.1 2006
3088   37.2   3.9 2006
3089   24.5   3.3 2006
3090   22.2   2.4 2006
3091   20.8   2.5 2006
3092   23.7   3.0 2006
3093   14.9   2.4 2006
3094   35.7   3.5 2006
3095   22.3   3.5 2006
3096   29.3   2.8 2007
3097   18.4   2.7 2007
3098    7.2   2.8 2007
3099    5.4   2.4 2007
3100   19.5   3.3 2007
3101   21.3   3.4 2007
3102   15.1   1.9 2007
3103    9.8   2.2 2007
3104    4.0   2.1 2007
3105    1.5   2.4 2007
3106    2.8   2.5 2007
3107   17.3   3.1 2007
3108    4.1   2.8 2008
3109    2.9   2.4 2008
3110   15.5   2.7 2008
3111    3.6   2.3 2008
3112    4.6   3.2 2008
3113    5.2   2.3 2008
3114    0.6   2.0 2008
3115    0.3   2.0 2008
3116    1.2   2.4 2008
3117    4.2   2.9 2008
3118    6.6   2.4 2008
3119    1.0   2.0 2008
3120    1.3   2.0 2009
3121    1.2   2.2 2009
3122    0.6   2.0 2009
3123    1.2   2.2 2009
3124    2.9   2.4 2009
3125    6.3   2.7 2009
3126    5.5   2.6 2009
3127    0.0   2.0 2009
3128    7.1   2.2 2009
3129    7.7   2.7 2009
3130    6.9   3.2 2009
3131   16.3   3.5 2009
3132   19.5   2.5 2010
3133   28.5   2.7 2010
3134   24.0   3.6 2010
3135   10.4   3.3 2010
3136   13.9   3.4 2010
3137   18.8   3.0 2010
3138   25.2   3.4 2010
3139   29.6   3.4 2010
3140   36.4   4.0 2010
3141   33.6   3.9 2010
3142   34.4   3.7 2010
3143   24.5   3.6 2010
3144   27.3   3.1 2011
3145   48.3   5.1 2011
3146   78.6   6.9 2011
3147   76.1   6.2 2011
3148   58.2   5.0 2011
3149   56.1   5.0 2011
3150   64.5   4.8 2011
3151   65.8   5.6 2011
3152  120.1   8.8 2011
3153  125.7   9.0 2011
3154  139.1   9.9 2011
3155  109.3   8.4 2011
3156   94.4   7.1 2012
3157   47.8   4.4 2012
3158   86.6   7.3 2012
3159   85.9   6.9 2012
3160   96.5   7.2 2012
3161   92.0   6.5 2012
3162  100.1   7.3 2012
3163   94.8   6.5 2012
3164   93.7   8.1 2012
3165   76.5   5.1 2012
3166   87.6   6.5 2012
3167   56.8   5.1 2012
3168   96.1   6.3 2013
3169   60.9   4.4 2013
3170   78.3   6.1 2013
3171  107.3   6.8 2013
3172  120.2   8.2 2013
3173   76.7   5.2 2013
3174   86.2   6.7 2013
3175   91.8   6.6 2013
3176   54.5   5.3 2013
3177  114.4   8.2 2013
3178  113.9   8.2 2013
3179  124.2   9.1 2013
3180  117.0   8.2 2014
3181  146.1  10.7 2014
3182  128.7   8.6 2014
3183  112.5   6.9 2014
3184  112.5   7.5 2014
3185  102.9   7.7 2014
3186  100.2   7.4 2014
3187  106.9   7.6 2014
3188  130.0   8.7 2014
3189   90.0   6.9 2014
3190  103.6   8.5 2014
3191  112.9   7.4 2014
3192   93.0   7.5 2015
3193   66.7   5.3 2015
3194   54.5   4.8 2015
3195   75.3   8.2 2015
3196   88.8   8.6 2015
3197   66.5   6.3 2015
3198   65.8   5.7 2015
3199   64.4   5.2 2015
3200   78.6   6.4 2015
3201   63.6   5.4 2015
3202   62.2   5.2 2015
3203   58.0   5.4 2015
3204   57.0   4.7 2016
3205   56.4   5.1 2016
3206   54.1   4.9 2016
3207   37.9   3.5 2016
3208   51.5   4.7 2016
3209   20.5   2.0 2016
3210   32.4   3.8 2016
3211   50.2   4.5 2016
3212   44.6   3.8 2016
3213   33.4   3.1 2016
3214   21.4   2.6 2016
3215   18.5   2.4 2016
3216   26.1   2.5 2017
3217   26.4   3.7 2017
3218   17.7   2.6 2017
3219   32.3   3.7 2017
3220   18.9   1.8 2017
3221   19.2   1.4 2017
3222   17.8   2.6 2017
3223   32.6   2.9 2017
3224   43.7   4.1 2017
3225   13.2   1.0 2017
3226    5.7   0.5 2017
3227    8.2   1.2 2017
3228    6.8   1.5 2018
3229   10.7   1.1 2018
3230    2.5   0.4 2018
3231    8.9   1.3 2018
3232   13.1   1.6 2018
3233   15.6   1.6 2018
3234    1.6   0.6 2018
3235    8.7   1.0 2018
3236    3.3   0.6 2018
3237    4.9   1.2 2018
3238    4.9   0.6 2018
3239    3.1   0.5 2018
3240    7.7   0.8 2019
3241    0.8   0.1 2019
3242    9.4   1.0 2019
3243    9.1   0.7 2019
3244    9.9   0.7 2019
3245    1.2   0.7 2019
3246    0.9   0.2 2019
3247    0.5   0.1 2019
3248    1.1   0.3 2019
3249    0.4   0.1 2019
3250    0.5   0.1 2019
3251    1.5   0.5 2019
3252    6.2   0.7 2020
3253    0.2   0.1 2020
3254    1.5   0.1 2020
3255    5.2   0.6 2020
3256    0.2   0.1 2020
3257    5.8   0.6 2020
3258    6.3   0.5 2020
3259    7.6   1.3 2020
3260    0.7   0.3 2020
