0 -1204.99 
1 -1140.36 
2 -1064.2 
3 -1012.83 
4 -913.492 
5 -817.622 
6 -703.948 
7 -638.801 
8 -558.704 
9 -480.382 
10 -264.653 
11 -172.336 
12 -100.945 
13 -26.3912 
14 69.2176 
15 162.174 
16 256.777 
17 366.927 
18 451.519 
19 564.377 
20 656.398 
21 704.784 
22 748.07 
23 810.452 
24 862.769 
25 869.824 
26 878.862 
27 905.388 
28 938.153 
29 953.277 
30 993.485 
31 1022.03 
32 989.234 
33 955.154 
34 929.11 
35 928.166 
36 911.546 
37 919.316 
38 961.502 
39 983.672 
40 1006.07 
41 994.523 
42 1047.31 
43 1017.87 
44 984.561 
45 983.521 
46 967.322 
47 954.994 
48 949.212 
49 923.416 
50 920.547 
51 904.878 
52 886.037 
53 860.196 
54 818.482 
55 805.364 
56 774.268 
57 738.559 
58 694.867 
59 629.54 
60 553.519 
61 483.043 
62 410.95 
63 359.475 
64 320.353 
65 291.915 
66 250.992 
67 200.011 
68 142.996 
69 113.273 
70 66.1608 
71 4.87891 
72 -45.5582 
73 -93.4356 
74 -147.843 
75 -201.871 
76 -265.816 
77 -328.871 
78 -376.739 
79 -432.72 
80 -463.418 
81 -483.44 
82 -530.797 
83 -555.299 
84 -591.461 
85 -635.799 
86 -682.135 
87 -720.986 
88 -753.98 
89 -785.537 
90 -831.899 
91 -872.876 
92 -904.222 
93 -930.85 
94 -952.416 
95 -986.038 
96 -1011.37 
97 -1024.45 
98 -1028.71 
99 -1026.32 
100 -1010.09 
101 -1035.8 
102 -1040.86 
103 -1001.96 
104 -982.216 
105 -974.4 
106 -912.941 
107 -903.512 
108 -887.242 
109 -847.093 
110 -812.126 
111 -738.573 
112 -708.505 
113 -681.051 
114 -655.684 
115 -639.531 
116 -584.164 
117 -570.71 
118 -548.926 
119 -527.77 
120 -498.468 
121 -477.082 
122 -451.737 
123 -426.895 
124 -399.474 
125 -371.335 
126 -342.394 
127 -280.607 
128 -209.886 
129 -169.374 
130 -152.21 
131 -118.302 
132 -68.2945 
133 -32.3919 
134 27.6649 
135 59.277 
136 112.508 
137 125.062 
138 165.919 
139 221.558 
140 252.192 
141 263.695 
142 289.186 
143 315.644 
144 355.891 
145 429.911 
146 485.532 
147 524.952 
148 622.372 
149 705.427 
150 778.613 
151 845.661 
152 927.588 
153 988.414 
154 1049.87 
155 1037.47 
156 1020.35 
157 1050.53 
158 1034.66 
159 1041.96 
160 1014.57 
161 1048.32 
162 1009.06 
163 1025.51 
164 1042.62 
165 1060.33 
166 1091.59 
167 1121.23 
168 1115.8 
169 1068.84 
170 1025.21 
171 978.934 
172 931.972 
173 889.866 
174 878.063 
175 819.907 
176 830.847 
177 805.327 
178 803.993 
179 803.391 
180 799.965 
181 796.559 
182 760.718 
183 715.282 
184 686.496 
185 634.097 
186 581.928 
187 530.025 
188 475.427 
189 420.869 
190 363.286 
191 305.609 
192 245.573 
193 189.305 
194 131.934 
195 70.0859 
196 5.78635 
197 -58.3437 
198 -110.178 
199 -156.911 
200 -225.808 
201 -297.473 
202 -368.473 
203 -440.417 
204 -513.377 
205 -587.366 
206 -617.959 
207 -698.864 
208 -744.391 
209 -828.92 
210 -912.276 
211 -993.744 
212 -1074.05 
213 -1152.59 
214 -1229.29 
215 -1282.84 
216 -1322.07 
217 -1356.41 
218 -1368.46 
219 -1396.85 
220 -1429.79 
221 -1456.42 
222 -1501.56 
223 -1514.73 
224 -1524.26 
225 -1531.1 
226 -1519.84 
227 -1510.65 
228 -1500.75 
229 -1469.56 
230 -1471.14 
231 -1478.51 
232 -1427.41 
233 -1376.67 
234 -1367.15 
235 -1333.96 
236 -1287.35 
237 -1235.77 
238 -1162.94 
239 -1054.92 
240 -1010.13 
241 -981.719 
242 -953.315 
243 -871.175 
244 -827.816 
245 -750.196 
246 -632.533 
247 -512.472 
248 -345.359 
249 -163.01 
250 1.9236 
251 106.22 
252 196.543 
253 350.463 
254 399.748 
255 399.871 
256 431.102 
257 483.618 
258 579.592 
259 702.302 
260 787.725 
261 871.04 
262 1001.13 
263 1080.58 
264 1048.66 
265 1032.88 
266 1017.01 
267 1030.64 
268 1189.67 
269 1292.49 
270 1307.98 
271 1307.26 
272 1377.11 
273 1427.04 
274 1492.24 
275 1549.82 
276 1615.19 
277 1662.74 
278 1609.89 
279 1658.05 
280 1614.92 
281 1602.62 
282 1623.27 
283 1607.97 
284 1582.35 
285 1602.73 
286 1593.5 
287 1588.02 
288 1566.07 
289 1500.72 
290 1471.65 
291 1411.41 
292 1364.21 
293 1295.2 
294 1224.47 
295 1128.19 
296 1058.96 
297 984.206 
298 933.377 
299 885.885 
300 843.971 
301 832.658 
302 804.788 
303 756.774 
304 720.967 
305 646.882 
306 554.255 
307 443.216 
308 334.196 
309 235.124 
310 142.131 
311 39.8435 
312 -75.5067 
313 -198.194 
314 -301.588 
315 -405.564 
316 -521.694 
317 -623.755 
318 -744.519 
319 -853.665 
320 -970.567 
321 -1083.31 
322 -1179.96 
323 -1288.4 
324 -1373.62 
325 -1475.5 
326 -1585.91 
327 -1670.25 
328 -1771.9 
329 -1860.24 
330 -1978.26 
331 -2057.35 
332 -2149.7 
333 -2218.4 
334 -2278.44 
335 -2329.71 
336 -2372.31 
337 -2428.73 
338 -2480.58 
339 -2437.83 
340 -2420.11 
341 -2401.29 
342 -2358.29 
343 -2286.51 
344 -2207.34 
345 -2143.99 
346 -2014.47 
347 -1865.67 
348 -1683.21 
349 -1613.7 
350 -1502.73 
351 -1373.01 
352 -1086.47 
353 -911.791 
354 -767.797 
355 -645.207 
356 -469.413 
357 -319.044 
358 -178.394 
359 -112.994 
360 -31.1359 
361 135.947 
362 223.763 
363 356.779 
364 481.601 
365 562.806 
366 692.972 
367 771.706 
368 848.873 
369 947.882 
370 1030.3 
371 1106.13 
372 1115.45 
373 1171.46 
374 1227.53 
375 1278.66 
376 1350.24 
377 1389.84 
378 1426.08 
379 1462.32 
380 1511.48 
381 1532.72 
382 1525.66 
383 1516.36 
384 1573.74 
385 1591.09 
386 1572.18 
387 1578.72 
388 1645.9 
389 1701.32 
390 1716.36 
391 1718.83 
392 1696.22 
393 1634.03 
394 1637.96 
395 1588.78 
396 1570.82 
397 1525.26 
398 1478.8 
399 1438.84 
400 1420.98 
401 1375.82 
402 1328.95 
403 1293.58 
404 1241.5 
405 1171.31 
406 1114.81 
407 1055.72 
408 993.199 
409 948.382 
410 883.445 
411 821.107 
412 749.747 
413 681.985 
414 625.808 
415 549.106 
416 468.997 
417 372.058 
418 286.707 
419 193.722 
420 104.819 
421 7.37435 
422 -85.1956 
423 -179.506 
424 -280.671 
425 -376.977 
426 -478.45 
427 -573.377 
428 -668.485 
429 -767.162 
430 -851.036 
431 -940.098 
432 -1041.88 
433 -1141.36 
434 -1239.37 
435 -1326.44 
436 -1405.44 
437 -1475.42 
438 -1528.97 
439 -1610.03 
440 -1671.38 
441 -1707.66 
442 -1755.97 
443 -1826.14 
444 -1880.19 
445 -1917.32 
446 -1954.66 
447 -1929.62 
448 -1893.53 
449 -1913.39 
450 -1893.75 
451 -1863.39 
452 -1797.26 
453 -1730.25 
454 -1657.7 
455 -1591.24 
456 -1488.65 
457 -1434.49 
458 -1411.95 
459 -1323.77 
460 -1223.54 
461 -1183.4 
462 -1095.96 
463 -993.824 
464 -858.93 
465 -725.269 
466 -618.276 
467 -457.842 
468 -358.198 
469 -274.036 
470 -167.183 
471 -119.128 
472 -64.3875 
473 58.2239 
474 158.822 
475 249.486 
476 347.634 
477 446.649 
478 465.952 
479 542.43 
480 592.308 
481 660.175 
482 718.463 
483 781.473 
484 844.011 
485 900.014 
486 950.28 
487 976.551 
488 1017.13 
489 1019.86 
490 1095.76 
491 1173.57 
492 1196.71 
493 1260.12 
494 1271.04 
495 1277.7 
496 1282.26 
497 1283.14 
498 1247.52 
499 1241.11 
500 1218.29 
501 1206.99 
502 1191.79 
503 1163.14 
504 1132.38 
505 1083.8 
506 1055.33 
507 1032.47 
508 1003.96 
509 959.993 
510 927.711 
511 849.31 
512 810.552 
513 764.401 
514 727.854 
515 690.365 
516 640.433 
517 601.415 
518 561.71 
519 544.278 
520 505.119 
521 465.592 
522 401.998 
523 363.507 
524 324.789 
525 287.644 
526 248.832 
527 210.051 
528 173.059 
529 136.353 
530 102.39 
531 66.264 
532 31.1393 
533 -4.02235 
534 -38.6306 
535 -105.437 
536 -178.655 
537 -211.14 
538 -246.11 
539 -275.625 
540 -303.708 
541 -330.816 
542 -365.205 
543 -412.808 
544 -412.099 
545 -432.116 
546 -450.14 
547 -466.816 
548 -528.731 
549 -558.639 
550 -520.735 
551 -506.378 
552 -538.962 
553 -537.685 
554 -578.818 
555 -606.879 
556 -611.146 
557 -635.545 
558 -663.865 
559 -667.839 
560 -689.064 
561 -697.275 
562 -693.306 
563 -698.07 
564 -693.221 
565 -682.481 
566 -682.413 
567 -652.947 
568 -638.555 
569 -645.276 
570 -615.791 
571 -626.046 
572 -605.621 
573 -595.2 
574 -586.741 
575 -581.546 
576 -558.68 
577 -550.752 
578 -541.135 
579 -529.644 
580 -510.859 
581 -484.09 
582 -467.054 
583 -445.737 
584 -423.57 
585 -398.144 
586 -373.395 
587 -352.318 
588 -332.053 
589 -307.598 
590 -268.496 
591 -247.748 
592 -228.387 
593 -208.749 
594 -188.936 
595 -164.094 
596 -140.329 
597 -118.284 
598 -78.2636 
599 -43.012 
600 -22.1319 
601 16.3451 
602 69.1885 
603 98.8993 
604 127.24 
605 158.417 
606 174.095 
607 184.886 
608 194.16 
609 209.533 
610 219.993 
611 238.432 
612 252.173 
613 267.906 
614 289.263 
615 285.24 
616 287.277 
617 318.18 
618 342.198 
619 361.246 
620 364.481 
621 366.438 
622 362.755 
623 405.708 
624 424.135 
625 443.121 
626 461.016 
627 477.816 
628 493.383 
629 504.823 
630 519.719 
631 537.961 
632 544.671 
633 547.041 
634 558.606 
635 581.367 
636 600.772 
637 616.033 
638 618.31 
639 619.927 
640 622.253 
641 625.433 
642 629.417 
643 634.292 
644 639.809 
645 620.962 
646 593.212 
647 589.166 
648 583.092 
649 576.504 
650 532.592 
651 479.448 
652 456.797 
653 418.83 
654 399.981 
655 356.144 
656 329.861 
657 317.533 
658 298.804 
659 274.282 
660 244.615 
661 219.425 
662 193.333 
663 171.293 
664 120.519 
665 72.0656 
666 15.4491 
667 -18.7751 
668 -36.0917 
669 -37.3454 
670 -40.0118 
671 -43.5675 
672 -44.4601 
673 -72.4787 
674 -87.0745 
675 -123.54 
676 -156.031 
677 -184.445 
678 -215.942 
679 -237.117 
680 -253.565 
681 -292.957 
682 -310.908 
683 -331.095 
684 -347.741 
685 -377.632 
686 -399.8 
687 -427.64 
688 -454.993 
689 -480.866 
690 -496.6 
691 -515.641 
692 -535.512 
693 -547.381 
694 -559.481 
695 -570.193 
696 -597.763 
697 -621.881 
698 -647.107 
699 -645.435 
700 -663.564 
701 -675.172 
702 -682.383 
703 -687.584 
704 -700.112 
705 -705.67 
706 -717.104 
707 -729.73 
708 -739.308 
709 -738.365 
710 -741.963 
711 -722.171 
712 -697.532 
713 -670.137 
714 -651.342 
715 -627.845 
716 -595.614 
717 -572.66 
718 -537.657 
719 -497.416 
720 -463.553 
721 -424.356 
722 -397.058 
723 -365.256 
724 -332.69 
725 -289.065 
726 -256.326 
727 -222.483 
728 -187.089 
729 -151.358 
730 -114.736 
731 -77.3707 
732 -39.3823 
733 -0.92802 
734 37.8596 
735 76.8375 
736 115.862 
737 154.791 
738 193.483 
739 231.797 
740 269.592 
741 306.729 
742 343.07 
743 378.48 
744 412.823 
745 445.97 
746 477.79 
747 508.159 
748 536.951 
749 564.05 
750 600.338 
751 623.704 
752 649.038 
753 678.439 
754 696.706 
755 713.146 
756 744.169 
757 757.092 
758 765.434 
759 769.929 
760 773.392 
761 774.583 
762 771.525 
763 790.788 
764 789.808 
765 783.668 
766 781.216 
767 779.347 
768 757.632 
769 750.049 
770 725.413 
771 722.203 
772 697.448 
773 679.14 
774 669.619 
775 640.593 
776 620.113 
777 617.498 
778 593.513 
779 562.7 
780 542.305 
781 502.211 
782 448.966 
783 423.364 
784 365.264 
785 319.872 
786 278.155 
787 207.228 
788 143.881 
789 97.2053 
790 40.629 
791 -8.45692 
792 -60.7177 
793 -92.8552 
794 -136.428 
795 -172.332 
796 -245.82 
797 -243.484 
798 -276.072 
799 -289.96 
800 -330.725 
801 -368.712 
802 -400.902 
803 -387.041 
804 -437.809 
805 -417.65 
806 -389.247 
807 -385.343 
808 -405.213 
809 -425.633 
810 -453.349 
811 -506.252 
812 -517.191 
813 -512.761 
814 -537.617 
815 -574.859 
816 -599.748 
817 -587.281 
818 -509.356 
819 -545.947 
820 -589.372 
821 -599.411 
822 -590.792 
823 -588.305 
824 -597.386 
825 -622.637 
826 -640.005 
827 -655.801 
828 -658.274 
829 -678.876 
830 -691.838 
831 -687.035 
832 -648.508 
833 -634.945 
834 -632.601 
835 -621.675 
836 -617.134 
837 -600.381 
838 -615.327 
839 -602.755 
840 -575.7 
841 -565.96 
842 -581.778 
843 -567.467 
844 -551.584 
845 -507.352 
846 -466.341 
847 -431.785 
848 -413.457 
849 -371.631 
850 -331.562 
851 -280.145 
852 -245.443 
853 -196.265 
854 -181.982 
855 -141.01 
856 -81.6315 
857 -51.5612 
858 -3.71802 
859 54.6052 
860 79.7725 
861 112.485 
862 144.6 
863 179.613 
864 236.378 
865 264.885 
866 296.495 
867 334.263 
868 359.979 
869 386.087 
870 413.573 
871 444.682 
872 474.899 
873 528.869 
874 558.28 
875 580.177 
876 600.949 
877 622.356 
878 668.159 
879 707.653 
880 726.593 
881 751.078 
882 777.969 
883 793.472 
884 803.854 
885 813.027 
886 819.677 
887 824.294 
888 826.802 
889 827.089 
890 826.089 
891 821.701 
892 814.868 
893 805.498 
894 794.345 
895 779.73 
896 762.417 
897 742.348 
898 719.47 
899 727.765 
900 735.183 
901 721.718 
902 687.333 
903 682.333 
904 646.693 
905 603.532 
906 557.447 
907 510.739 
908 493.147 
909 480.374 
910 422.771 
911 363.753 
912 308.983 
913 268.987 
914 237.84 
915 172.879 
916 124.987 
917 74.4249 
918 47.3547 
919 9.27544 
920 -47.6501 
921 -106.914 
922 -174.646 
923 -227.23 
924 -288.987 
925 -351.695 
926 -384.958 
927 -441.078 
928 -484.723 
929 -521.901 
930 -534.475 
931 -569.649 
932 -640.183 
933 -658.777 
934 -696.691 
935 -687.412 
936 -734.529 
937 -760.7 
938 -769.823 
939 -798.657 
940 -810.401 
941 -821.417 
942 -856.206 
943 -871.633 
944 -893.403 
945 -903.686 
946 -926.381 
947 -951.893 
948 -965.299 
949 -958.418 
950 -949.235 
951 -945.478 
952 -893.737 
953 -825.85 
954 -829.517 
955 -794.773 
956 -801.859 
957 -800.09 
958 -792.726 
959 -800.494 
960 -812.965 
961 -812.877 
962 -772.612 
963 -692.619 
964 -656.794 
965 -608.098 
966 -529.127 
967 -470.384 
968 -450.95 
969 -422.25 
970 -374.176 
971 -342.766 
972 -316.524 
973 -255.301 
974 -171.313 
975 -49.2129 
976 7.84155 
977 64.5159 
978 87.6302 
979 123.739 
980 180.152 
981 275.213 
982 366.42 
983 460.307 
984 497.565 
985 540.516 
986 656.653 
987 708.761 
988 734.152 
989 752.396 
990 790.999 
991 846.222 
992 873.367 
993 914.589 
994 951.284 
995 963.716 
996 979.145 
997 1035.36 
998 1090.42 
999 1097.8 
1000 1128.55 
1001 1134.07 
1002 1117.4 
1003 1091.13 
1004 1062.52 
1005 1054.03 
1006 1032.65 
1007 1031.64 
1008 1001.8 
1009 976.279 
1010 943.485 
1011 893.582 
1012 858.378 
1013 801.046 
1014 751.2 
1015 696.733 
1016 649.437 
1017 592.642 
1018 530.343 
1019 471.978 
1020 402.253 
1021 351.418 
1022 273.89 
1023 189.13 
1024 113.527 
1025 33.0851 
1026 -49.434 
1027 -142.963 
1028 -227.326 
1029 -292.844 
1030 -352.228 
1031 -408.282 
1032 -512.905 
1033 -592.487 
1034 -683.512 
1035 -708.157 
1036 -765.791 
1037 -844.177 
1038 -881.27 
1039 -922.72 
1040 -897.666 
1041 -885.146 
1042 -867.385 
1043 -890.007 
1044 -897.026 
1045 -875.052 
1046 -871.386 
1047 -795.836 
1048 -775.022 
1049 -734.301 
1050 -709.033 
1051 -700.811 
1052 -715.588 
1053 -661.748 
1054 -636.933 
1055 -471.31 
1056 -337.442 
1057 -225.56 
1058 -183.031 
1059 -135.378 
1060 -132.663 
1061 -53.2063 
1062 33.6358 
1063 72.5467 
1064 48.2816 
1065 69.8966 
1066 63.9779 
1067 96.1721 
1068 154.366 
1069 113.104 
1070 165.972 
1071 196.512 
1072 246.608 
1073 226.307 
1074 230.359 
1075 187.036 
1076 136.971 
1077 117.732 
1078 78.3432 
1079 44.965 
1080 57.0132 
1081 66.5394 
1082 37.4498 
1083 -15.4145 
1084 -78.6478 
1085 -137.25 
1086 -142.598 
1087 -67.2145 
1088 13.8124 
1089 28.6464 
1090 10.1849 
1091 -13.2219 
1092 -3.79105 
1093 20.0228 
1094 14.3577 
1095 9.3737 
1096 13.7832 
1097 -12.4692 
1098 -14.7872 
1099 -17.8423 
1100 9.84598 
1101 9.78979 
1102 12.2533 
1103 17.6327 
1104 -22.6142 
1105 -49.3374 
1106 -72.6647 
1107 -75.0722 
1108 -28.4034 
1109 2.15042 
1110 -5.26966 
1111 4.63017 
1112 13.2765 
1113 11.5588 
1114 -1.6401 
1115 19.9857 
1116 13.596 
1117 12.6843 
1118 13.698 
1119 25.8193 
1120 36.6847 
1121 42.4658 
1122 36.9892 
1123 56.7174 
1124 64.2786 
1125 106.197 
1126 153.424 
1127 163.567 
1128 167.572 
1129 156.04 
1130 153.114 
1131 152.492 
1132 171.412 
1133 172.882 
1134 172.507 
1135 175.524 
1136 165.331 
1137 156.465 
1138 169.524 
1139 171.049 
1140 165.842 
1141 168.046 
1142 166.68 
1143 175.662 
1144 167.345 
1145 143.948 
1146 147.331 
1147 152.819 
1148 127.682 
1149 124.157 
1150 99.8227 
1151 90.6265 
1152 85.1606 
1153 106.494 
1154 123.801 
1155 160.594 
1156 178.553 
1157 165.003 
1158 146.938 
1159 128 
1160 100.598 
1161 87.789 
1162 68.909 
1163 79.8014 
1164 51.7484 
1165 39.9005 
1166 45.557 
1167 56.0856 
1168 46.9027 
1169 42.0934 
1170 2.29154 
1171 -27.8005 
1172 25.3683 
1173 -10.6725 
1174 -43.4848 
1175 -71.692 
1176 -108.449 
1177 -178.464 
1178 -184.075 
1179 -261.673 
1180 -291.682 
1181 -308.579 
1182 -383.861 
1183 -315.12 
1184 -215.512 
1185 -86.4239 
1186 -29.1989 
1187 -23.5127 
1188 62.3043 
1189 66.9871 
1190 64.3157 
1191 57.0349 
1192 39.8339 
1193 65.3758 
1194 106.527 
1195 135.289 
1196 109.324 
1197 135.737 
1198 131.796 
1199 202.112 
1200 304.554 
1201 358.834 
1202 345.536 
1203 344.441 
1204 302.261 
1205 261.668 
1206 215.874 
1207 151.446 
1208 137.591 
1209 82.7759 
1210 82.0015 
1211 79.0373 
1212 41.849 
1213 28.3288 
1214 4.02433 
1215 -90.881 
1216 -150.049 
1217 -190.505 
1218 -286.823 
1219 -337.441 
1220 -338.242 
1221 -364.577 
1222 -418.333 
1223 -456.805 
1224 -464.063 
1225 -411.028 
1226 -431.484 
1227 -463.567 
1228 -480.078 
1229 -491.468 
1230 -550.155 
1231 -564.297 
1232 -554.359 
1233 -550.386 
1234 -564.071 
1235 -534.775 
1236 -506.809 
1237 -478.251 
1238 -455.432 
1239 -420.246 
1240 -400.84 
1241 -392.529 
1242 -389.065 
1243 -386.209 
1244 -383.402 
1245 -319.931 
1246 -277.353 
1247 -247.972 
1248 -223.06 
1249 -190.935 
1250 -165.186 
1251 -117.236 
1252 -90.5146 
1253 -50.5305 
1254 3.66319 
1255 69.3468 
1256 105.655 
1257 161.357 
1258 193.677 
1259 218.075 
1260 229.365 
1261 251.299 
1262 276.393 
1263 313.963 
1264 348.249 
1265 378.25 
1266 404.702 
1267 426.6 
1268 461.678 
1269 478.728 
1270 525.482 
1271 559.943 
1272 576.611 
1273 591.22 
1274 616.765 
1275 617.079 
1276 625.461 
1277 625.55 
1278 615.149 
1279 608.602 
1280 594.628 
1281 597.25 
1282 587.624 
1283 573.871 
1284 553.157 
1285 538.413 
1286 512.615 
1287 495.906 
1288 464.073 
1289 439.172 
1290 410.304 
1291 380.846 
1292 345.283 
1293 306.539 
1294 270.601 
1295 230.209 
1296 198.567 
1297 151.529 
1298 96.6163 
1299 49.0979 
1300 30.922 
1301 -14.7549 
1302 -52.5381 
1303 -104.364 
1304 -111.422 
1305 -125.83 
1306 -161.56 
1307 -190.014 
1308 -218.748 
1309 -259.147 
1310 -260.347 
1311 -301.61 
1312 -340.687 
1313 -377.39 
1314 -394.366 
1315 -417.514 
1316 -396.664 
1317 -358 
1318 -397.04 
1319 -410.653 
1320 -395.133 
1321 -374.969 
1322 -352.311 
1323 -340.747 
1324 -321.618 
1325 -312.299 
1326 -289.523 
1327 -246.356 
1328 -207.021 
1329 -152.38 
1330 -132.348 
1331 -144.269 
1332 -154.585 
1333 -154.504 
1334 -135.075 
1335 -168.504 
1336 -134.537 
1337 -97.9774 
1338 -45.8713 
1339 -25.0237 
1340 -19.1704 
1341 -16.9484 
1342 0.833939 
1343 15.1262 
1344 -32.7842 
1345 -50.5523 
1346 -22.4964 
1347 2.12205 
1348 -50.9222 
1349 -42.4885 
1350 -51.4404 
1351 -49.8165 
1352 -50.8002 
1353 -73.6402 
1354 -119.731 
1355 -112.433 
1356 -135.353 
1357 -152.964 
1358 -207.385 
1359 -239.403 
1360 -248.042 
1361 -216.233 
1362 -201.385 
1363 -204.052 
1364 -195.661 
1365 -230.481 
1366 -245.654 
1367 -275.766 
1368 -288.175 
1369 -281.174 
1370 -252.367 
1371 -268.934 
1372 -257.003 
1373 -266.074 
1374 -287.29 
1375 -275.767 
1376 -310.465 
1377 -307.815 
1378 -305.994 
1379 -294.448 
1380 -248.159 
1381 -219.018 
1382 -150.493 
1383 -136.898 
1384 -111.515 
1385 -50.668 
1386 6.63753 
1387 66.6775 
1388 79.1275 
1389 103.954 
1390 175.721 
1391 194.386 
1392 253.003 
1393 295.32 
1394 339.483 
1395 365.836 
1396 403.007 
1397 439.349 
1398 463.486 
1399 509.238 
1400 524.655 
1401 531.844 
1402 553.353 
1403 552.387 
1404 586.892 
1405 633.876 
1406 653.985 
1407 660.227 
1408 656.651 
1409 658.779 
1410 645.833 
1411 638.071 
1412 618.409 
1413 609.912 
1414 589.903 
1415 553.554 
1416 512.097 
1417 469.712 
1418 440.853 
1419 401.677 
1420 355.58 
1421 303.923 
1422 256.011 
1423 204.619 
1424 159.665 
1425 118.236 
1426 66.0668 
1427 40.2575 
1428 -11.0429 
1429 -65.5083 
1430 -105.904 
1431 -132.859 
1432 -180.132 
1433 -223.835 
1434 -274.812 
1435 -320.556 
1436 -348.695 
1437 -356.508 
1438 -372.193 
1439 -377.542 
1440 -397.808 
1441 -423.475 
1442 -464.68 
1443 -529.091 
1444 -492.028 
1445 -451.143 
1446 -495.539 
1447 -509.354 
1448 -524.576 
1449 -578.417 
1450 -604.081 
1451 -588.736 
1452 -621.283 
1453 -593.775 
1454 -497.802 
1455 -400.005 
1456 -277.761 
1457 -224.902 
1458 -179.384 
1459 -100.058 
1460 -52.0411 
1461 12.0143 
1462 76.4903 
1463 110.558 
1464 74.1943 
1465 98.8762 
1466 152.688 
1467 238.309 
1468 295.428 
1469 262.829 
1470 249.298 
1471 248.021 
1472 197.486 
1473 162.278 
1474 155.182 
1475 124.281 
1476 76.5581 
1477 97.8917 
1478 68.0609 
1479 62.9382 
1480 68.9 
1481 80.8009 
1482 87.7237 
1483 76.1081 
1484 103.229 
1485 113.216 
1486 141.735 
1487 126.414 
1488 118.977 
1489 148.671 
1490 167.397 
1491 152.79 
1492 94.7375 
1493 35.2591 
1494 16.5283 
1495 3.85079 
1496 -39.9154 
1497 -79.68 
1498 -101.391 
1499 -129.403 
1500 -133.752 
1501 -128.118 
1502 -147.753 
1503 -187.055 
1504 -200.892 
1505 -221.179 
1506 -187.701 
1507 -160.779 
1508 -185.045 
1509 -194.409 
1510 -208.726 
1511 -218.224 
1512 -247.975 
1513 -262.121 
1514 -251.752 
1515 -245.224 
1516 -264.241 
1517 -258.775 
1518 -268.634 
1519 -271.435 
1520 -291.168 
1521 -290.272 
1522 -277.851 
1523 -275.455 
1524 -262.7 
1525 -245.947 
1526 -200.521 
1527 -199.783 
1528 -192.095 
1529 -188.004 
1530 -159.073 
1531 -138.97 
1532 -115.363 
1533 -82.9208 
1534 -56.4175 
1535 -31.7255 
1536 20.9774 
1537 48.4167 
1538 81.9131 
1539 122.291 
1540 172.772 
1541 210.88 
1542 235.338 
1543 260.073 
1544 302.011 
1545 326.481 
1546 362.615 
1547 377.748 
1548 393.814 
1549 414.158 
1550 435.222 
1551 441.855 
1552 456.509 
1553 470.144 
1554 471.319 
1555 470.205 
1556 475.674 
1557 471.906 
1558 470.589 
1559 460.801 
1560 449.061 
1561 433.852 
1562 414.906 
1563 403.421 
1564 382.543 
1565 362.585 
1566 344.108 
1567 327.749 
1568 300.354 
1569 280.005 
1570 257.855 
1571 222.701 
1572 212.111 
1573 203.499 
1574 178.246 
1575 149.983 
1576 125.117 
1577 114.764 
1578 80.7762 
1579 87.3738 
1580 120.624 
1581 112.363 
1582 80.4708 
1583 43.8969 
1584 15.6365 
1585 12.5515 
1586 3.95008 
1587 -6.98358 
1588 -34.0594 
1589 -35.2517 
1590 -11.3694 
1591 -20.5766 
1592 -40.5723 
1593 -43.8112 
1594 -64.6838 
1595 -99.9366 
1596 -140.543 
1597 -141.672 
1598 -148.461 
1599 -108.284 
1600 -121.773 
1601 -167.598 
1602 -213.789 
1603 -268.712 
1604 -295.393 
1605 -319.79 
1606 -302.258 
1607 -355.524 
1608 -377.253 
1609 -421.375 
1610 -471.858 
1611 -456.132 
1612 -523.871 
1613 -515.909 
1614 -499.624 
1615 -539.856 
1616 -567.48 
1617 -541.773 
1618 -513.186 
1619 -497.115 
1620 -453.02 
1621 -414.704 
1622 -373.239 
1623 -348.439 
1624 -337.284 
1625 -349.291 
1626 -355.58 
1627 -354.651 
1628 -341.048 
1629 -348.181 
1630 -371.208 
1631 -373.652 
1632 -380.385 
1633 -335.845 
1634 -325.116 
1635 -302.55 
1636 -247.036 
1637 -170.571 
1638 -119.628 
1639 -93.0285 
1640 -80.8598 
1641 -67.1574 
1642 -63.3237 
1643 -71.8081 
1644 -63.8271 
1645 -59.5343 
1646 -0.0899176 
1647 39.5691 
1648 60.2591 
1649 77.7301 
1650 102.886 
1651 108.264 
1652 123.656 
1653 120.088 
1654 104.941 
1655 113.03 
1656 118.435 
1657 130.732 
1658 129.922 
1659 135.261 
1660 163.943 
1661 186.717 
1662 223.569 
1663 258.342 
1664 270.816 
1665 282.738 
1666 295.854 
1667 332.538 
1668 356.322 
1669 370.978 
1670 387.037 
1671 398.468 
1672 412.901 
1673 427.106 
1674 434.026 
1675 439.9 
1676 455.002 
1677 457.967 
1678 474.371 
1679 482.753 
1680 479.994 
1681 488.638 
1682 492.573 
1683 490.948 
1684 484.159 
1685 482.173 
1686 483.064 
1687 500.238 
1688 491.668 
1689 473.171 
1690 449.028 
1691 433.168 
1692 412.184 
1693 380.716 
1694 353.778 
1695 318.093 
1696 284.618 
1697 242.377 
1698 214.142 
1699 177.65 
1700 152.386 
1701 113.902 
1702 69.4947 
1703 19.0306 
1704 -25.2781 
1705 -58.442 
1706 -114.565 
1707 -156.913 
1708 -168.186 
1709 -170.736 
1710 -158.85 
1711 -192.966 
1712 -195.557 
1713 -204.847 
1714 -233.287 
1715 -280.119 
1716 -268.85 
1717 -249.42 
1718 -275.424 
1719 -271.291 
1720 -252.906 
1721 -242.285 
1722 -233.603 
1723 -185.669 
1724 -204.046 
1725 -211.523 
1726 -229.388 
1727 -226.791 
1728 -231.721 
1729 -241.424 
1730 -264.481 
1731 -251.333 
1732 -244.657 
1733 -230.288 
1734 -218.791 
1735 -140.028 
1736 -147.13 
1737 -151.068 
1738 -163.172 
1739 -144.012 
1740 -142.419 
1741 -138.064 
1742 -187.079 
1743 -186.527 
1744 -152.472 
1745 -121.351 
1746 -77.2416 
1747 -91.4858 
1748 -111.467 
1749 -114.231 
1750 -146.769 
1751 -171.733 
1752 -189.521 
1753 -198.694 
1754 -216.148 
1755 -204.783 
1756 -206.773 
1757 -199.739 
1758 -229.565 
1759 -221.582 
1760 -229.686 
1761 -217.918 
1762 -237.886 
1763 -215.633 
1764 -259.909 
1765 -253.839 
1766 -253.897 
1767 -264.32 
1768 -298.493 
1769 -293.869 
1770 -292.544 
1771 -317.785 
1772 -283.002 
1773 -299.274 
1774 -296.915 
1775 -283.646 
1776 -270.566 
1777 -272.918 
1778 -272.413 
1779 -265.808 
1780 -274.527 
1781 -294.638 
1782 -284.576 
1783 -281.314 
1784 -231.227 
1785 -234.867 
1786 -245.733 
1787 -212.488 
1788 -181.838 
1789 -138.456 
1790 -89.5598 
1791 -78.1303 
1792 -45.7928 
1793 -17.3367 
1794 -9.08468 
1795 38.2371 
1796 93.0293 
1797 148.35 
1798 199.595 
1799 221.617 
1800 256.108 
1801 274.516 
1802 308.831 
1803 337.21 
1804 355.508 
1805 395.513 
1806 424.268 
1807 435.66 
1808 456.236 
1809 484.481 
1810 503.844 
1811 527.513 
1812 548.849 
1813 576.713 
1814 595.501 
1815 625.868 
1816 653.815 
1817 675.501 
1818 689.834 
1819 696.081 
1820 707.753 
1821 725.627 
1822 727.822 
1823 721.332 
1824 712.954 
1825 706.321 
1826 701.132 
1827 686.527 
1828 686.814 
1829 677.645 
1830 657.737 
1831 636.055 
1832 611.235 
1833 589.422 
1834 565.296 
1835 532.301 
1836 506.129 
1837 468.137 
1838 448.326 
1839 405.265 
1840 364.369 
1841 318.616 
1842 269.433 
1843 220.022 
1844 176.887 
1845 145.874 
1846 102.388 
1847 41.0838 
1848 -10.5203 
1849 -49.9604 
1850 -97.6079 
1851 -126.489 
1852 -176.755 
1853 -226.253 
1854 -258.596 
1855 -291.332 
1856 -355.465 
1857 -375.135 
1858 -387.139 
1859 -398.811 
1860 -435.64 
1861 -485.753 
1862 -516.135 
1863 -538.098 
1864 -567.15 
1865 -593.168 
1866 -605.67 
1867 -606.227 
1868 -654.454 
1869 -663.12 
1870 -699.338 
1871 -708.278 
1872 -717.438 
1873 -675.019 
1874 -681.392 
1875 -716.565 
1876 -737.212 
1877 -755.943 
1878 -734.333 
1879 -735.796 
1880 -743.008 
1881 -710.179 
1882 -629.117 
1883 -633.408 
1884 -653.475 
1885 -696.008 
1886 -682.336 
1887 -682.656 
1888 -677.704 
1889 -662.282 
1890 -578.034 
1891 -585.37 
1892 -577.231 
1893 -631.266 
1894 -648.495 
1895 -620.783 
1896 -571.861 
1897 -468.202 
1898 -441.847 
1899 -427.078 
1900 -426.545 
1901 -428.23 
1902 -412.223 
1903 -386.585 
1904 -307.726 
1905 -259.419 
1906 -215.68 
1907 -193.494 
1908 -182.786 
1909 -178.851 
1910 -181.625 
1911 -134.209 
1912 -112.94 
1913 -77.56 
1914 -54.6832 
1915 55.1303 
1916 160.757 
1917 177.128 
1918 217.212 
1919 248.932 
1920 310.951 
1921 357.493 
1922 438.384 
1923 463.874 
1924 496.969 
1925 509.116 
1926 544.215 
1927 559.306 
1928 601.588 
1929 677.494 
1930 749.829 
1931 820.095 
1932 844.821 
1933 878.598 
1934 896.054 
1935 892.276 
1936 911.592 
1937 914.688 
1938 920.89 
1939 922.887 
1940 949.204 
1941 995.54 
1942 985.993 
1943 977.393 
1944 964.33 
1945 960.137 
1946 953.306 
1947 960.373 
1948 954.137 
1949 935.635 
1950 918.381 
1951 900.888 
1952 882.303 
1953 860.337 
1954 839.641 
1955 814.332 
1956 784.369 
1957 752.575 
1958 727.514 
1959 700.317 
1960 671.356 
1961 640.279 
1962 605.536 
1963 564.713 
1964 537.556 
1965 500.39 
1966 455.67 
1967 417.957 
1968 371.536 
1969 324.297 
1970 271.331 
1971 217.237 
1972 159.814 
1973 100.469 
1974 42.3112 
1975 -20.2474 
1976 -82.8891 
1977 -144.193 
1978 -211.135 
1979 -274.786 
1980 -341.615 
1981 -410.486 
1982 -480.061 
1983 -527.497 
1984 -596.751 
1985 -656.972 
1986 -728.712 
1987 -797.916 
1988 -860.228 
1989 -931.19 
1990 -989.84 
1991 -1039.52 
1992 -1089.16 
1993 -1107.89 
1994 -1133.05 
1995 -1155.07 
1996 -1191.57 
1997 -1169.29 
1998 -1142.86 
1999 -1120.49 
2000 -1132.12 
2001 -1137.57 
2002 -1161.48 
2003 -1199.16 
2004 -1219.04 
2005 -1222.05 
2006 -1205.91 
2007 -1181.57 
2008 -1153.03 
2009 -1135.35 
2010 -1141.14 
2011 -1177.24 
2012 -1196.59 
2013 -1206.02 
2014 -1190.08 
2015 -1194.8 
2016 -1162.63 
2017 -1134.51 
2018 -1067.49 
2019 -1033.23 
2020 -932.467 
2021 -829.77 
2022 -717.794 
2023 -547.003 
2024 -417.26 
2025 -381.935 
2026 -305.2 
2027 -172.529 
2028 -94.4002 
2029 -66.3958 
2030 -25.7006 
2031 29.8973 
2032 80.3062 
2033 103.031 
2034 207.273 
2035 302.832 
2036 363 
2037 432.772 
2038 501.034 
2039 529.772 
2040 541.368 
2041 606.202 
2042 650.548 
2043 671.181 
2044 753.431 
2045 874.996 
2046 919.94 
2047 973.046 
2048 1002.95 
2049 1030.54 
2050 1040.76 
2051 1039.74 
2052 1066.67 
2053 1098.67 
2054 1158.31 
2055 1126.22 
2056 1125.26 
2057 1133.87 
2058 1123.89 
2059 1100.38 
2060 1105.65 
2061 1133.28 
2062 1123.6 
2063 1118.38 
2064 1115.94 
2065 1107.9 
2066 1097.22 
2067 1095.74 
2068 1077.09 
2069 1077.23 
2070 1090.5 
2071 1071.75 
2072 1044.02 
2073 1016.57 
2074 987.752 
2075 962.709 
2076 922.703 
2077 906.288 
2078 936.426 
2079 892.877 
2080 843.506 
2081 789.678 
2082 743.563 
2083 689.032 
2084 630.56 
2085 573.624 
2086 517.604 
2087 477.282 
2088 414.546 
2089 345.683 
2090 278.887 
2091 215.652 
2092 146.476 
2093 86.3624 
2094 15.7144 
2095 -60.9599 
2096 -117.45 
2097 -177.441 
2098 -241.316 
2099 -318.155 
2100 -399.835 
2101 -474.631 
2102 -555.912 
2103 -622.148 
2104 -673.403 
2105 -720.142 
2106 -760.624 
2107 -816.707 
2108 -863.547 
2109 -910.398 
2110 -962.811 
2111 -1025.83 
2112 -1107.62 
2113 -1160.4 
2114 -1222.14 
2115 -1261.07 
2116 -1281.93 
2117 -1295.16 
2118 -1323.5 
2119 -1352.7 
2120 -1344.99 
2121 -1322.1 
2122 -1316.88 
2123 -1244.56 
2124 -1216.78 
2125 -1191.97 
2126 -1178.87 
2127 -1205.43 
2128 -1188.57 
2129 -1155.85 
2130 -1157.59 
2131 -1143.25 
2132 -1129.36 
2133 -1096.87 
2134 -1081.92 
2135 -1034.57 
2136 -982.661 
2137 -910.549 
2138 -876.486 
2139 -801.529 
2140 -749.438 
2141 -729.474 
2142 -715.301 
2143 -701.787 
2144 -662.602 
2145 -630.919 
2146 -591.114 
2147 -586.666 
2148 -517.058 
2149 -462.877 
2150 -387.21 
2151 -318.352 
2152 -253.998 
2153 -164.248 
2154 -62.0051 
2155 17.7241 
2156 108.929 
2157 154.097 
2158 182.309 
2159 226.145 
2160 287.782 
2161 340.691 
2162 373.841 
2163 412.398 
2164 461.125 
2165 533.98 
2166 605.019 
2167 669.696 
2168 682.962 
2169 730.062 
2170 822.942 
2171 961.443 
2172 1029.71 
2173 1072.87 
2174 1092.06 
2175 1117.02 
2176 1140.28 
2177 1150.46 
2178 1149.6 
2179 1153.91 
2180 1170.54 
2181 1190.88 
2182 1213.48 
2183 1219.76 
2184 1207.22 
2185 1242 
2186 1254.72 
2187 1269.09 
2188 1271.74 
2189 1258.68 
2190 1248.44 
2191 1230.25 
2192 1221.32 
2193 1196.47 
2194 1185.44 
2195 1171.84 
2196 1147.72 
2197 1119.89 
2198 1092.19 
2199 1063.05 
2200 1043.7 
2201 1030.1 
2202 994.266 
2203 952.155 
2204 903.809 
2205 862.178 
2206 817.712 
2207 776.468 
2208 735.303 
2209 708.979 
2210 660.66 
2211 598.716 
2212 535.218 
2213 473.342 
2214 405.467 
2215 331.377 
2216 263.558 
2217 190.202 
2218 111.003 
2219 29.1593 
2220 -49.2262 
2221 -122.447 
2222 -203.194 
2223 -274.351 
2224 -333.202 
2225 -415.725 
2226 -495.993 
2227 -579.379 
2228 -671.85 
2229 -763.168 
2230 -851.295 
2231 -929.787 
2232 -1004.6 
2233 -1077.88 
2234 -1148.38 
2235 -1238.33 
2236 -1304.8 
2237 -1341.8 
2238 -1399.68 
2239 -1465.18 
2240 -1511.81 
2241 -1541.03 
2242 -1552.84 
2243 -1570.19 
2244 -1586.08 
2245 -1583.65 
2246 -1577.32 
2247 -1575.31 
2248 -1607.74 
2249 -1614.73 
2250 -1651.69 
2251 -1631.06 
2252 -1629.03 
2253 -1605.54 
2254 -1538.11 
2255 -1457.24 
2256 -1361.07 
2257 -1271.41 
2258 -1255.99 
2259 -1197.73 
2260 -1126.75 
2261 -1032.68 
2262 -913.256 
2263 -805.597 
2264 -758.739 
2265 -670.917 
2266 -666.468 
2267 -637.23 
2268 -590.847 
2269 -508.964 
2270 -480.427 
2271 -426.49 
2272 -327.605 
2273 -277.131 
2274 -112.529 
2275 -29.3629 
2276 11.4983 
2277 69.783 
2278 167.615 
2279 218.016 
2280 248.902 
2281 276.285 
2282 283.975 
2283 367.076 
2284 467.09 
2285 539.413 
2286 607.539 
2287 690.657 
2288 786.651 
2289 843.103 
2290 867.792 
2291 850.19 
2292 847.767 
2293 861.691 
2294 916.524 
2295 934.825 
2296 943.651 
2297 1002.85 
2298 1035.68 
2299 1132.99 
2300 1166.01 
2301 1180.69 
2302 1201.97 
2303 1240.38 
2304 1241.86 
2305 1242.04 
2306 1246.04 
2307 1227.51 
2308 1203.85 
2309 1231.01 
2310 1270.29 
2311 1298.33 
2312 1336.24 
2313 1341.45 
2314 1333.38 
2315 1317.45 
2316 1304.47 
2317 1319.67 
2318 1336.87 
2319 1364.5 
2320 1332.06 
2321 1276.19 
2322 1230.21 
2323 1187.64 
2324 1139.11 
2325 1093.06 
2326 1065.2 
2327 1022.58 
2328 962.02 
2329 927.567 
2330 889.558 
2331 847.935 
2332 785.142 
2333 709.928 
2334 642.645 
2335 584.045 
2336 508.388 
2337 427.334 
2338 348.649 
2339 282.801 
2340 189.862 
2341 90.0095 
2342 5.82251 
2343 -97.9143 
2344 -199.813 
2345 -299.28 
2346 -400.321 
2347 -483.634 
2348 -573.014 
2349 -659.752 
2350 -758.337 
2351 -829.249 
2352 -918.368 
2353 -1018.87 
2354 -1106.22 
2355 -1177.79 
2356 -1253.25 
2357 -1321.14 
2358 -1379.63 
2359 -1467.56 
2360 -1541.89 
2361 -1561.06 
2362 -1619.52 
2363 -1709.99 
2364 -1768.11 
2365 -1762.73 
2366 -1774.55 
2367 -1788.83 
2368 -1788.57 
2369 -1808 
2370 -1757.14 
2371 -1721.91 
2372 -1708.42 
2373 -1682.4 
2374 -1620.85 
2375 -1563.09 
2376 -1544.64 
2377 -1501.19 
2378 -1462.77 
2379 -1396.08 
2380 -1256.24 
2381 -1169.15 
2382 -1090.33 
2383 -967.092 
2384 -870.945 
2385 -782.305 
2386 -743.488 
2387 -720.21 
2388 -707.489 
2389 -725.346 
2390 -730.004 
2391 -599.337 
2392 -489.623 
2393 -387.601 
2394 -320.385 
2395 -229.52 
2396 -158.055 
2397 -95.1134 
2398 -87.9599 
2399 -19.5246 
2400 23.8193 
2401 158.234 
2402 259.34 
2403 347.289 
2404 379.304 
2405 435.099 
2406 498.617 
2407 560.954 
2408 655.643 
2409 732.671 
2410 828.462 
2411 889.494 
2412 929.681 
2413 962.102 
2414 1017.43 
2415 1079.77 
2416 1133.77 
2417 1157.32 
2418 1193.17 
2419 1222.4 
2420 1205.35 
2421 1204.18 
2422 1195.24 
2423 1186.77 
2424 1188.01 
2425 1190.38 
2426 1188.54 
2427 1240.3 
2428 1315.19 
2429 1379.82 
2430 1390.23 
2431 1400.82 
2432 1443.4 
2433 1442.29 
2434 1442.67 
2435 1434.38 
2436 1419.39 
2437 1379.22 
2438 1338.35 
2439 1307.81 
2440 1269.16 
2441 1248.81 
2442 1232.35 
2443 1237.28 
2444 1204.39 
2445 1164.76 
2446 1122.11 
2447 1095.8 
2448 1057.65 
2449 986.534 
2450 923.171 
2451 883.536 
2452 821.348 
2453 770.997 
2454 700.377 
2455 649.113 
2456 590.591 
2457 514.643 
2458 427.061 
2459 338.982 
2460 245.406 
2461 150.175 
2462 67.8081 
2463 -29.8754 
2464 -131.32 
2465 -235.906 
2466 -335.971 
2467 -433.185 
2468 -543.177 
2469 -647.508 
2470 -751.495 
2471 -860.192 
2472 -949.405 
2473 -1044.77 
2474 -1165.4 
2475 -1279.6 
2476 -1371.6 
2477 -1462.37 
2478 -1562.82 
2479 -1646.13 
2480 -1729.31 
2481 -1792.9 
2482 -1815.8 
2483 -1858.78 
2484 -1908.99 
2485 -1890.19 
2486 -1881.73 
2487 -1886.67 
2488 -1857.23 
2489 -1858.36 
2490 -1844.09 
2491 -1774.45 
2492 -1701.66 
2493 -1656.33 
2494 -1547.79 
2495 -1454.03 
2496 -1400.28 
2497 -1397.32 
2498 -1357.56 
2499 -1293.98 
2500 -1246.7 
2501 -1149.28 
2502 -1072.11 
2503 -1037.3 
2504 -892.998 
2505 -724.007 
2506 -616.383 
2507 -468.823 
2508 -373.88 
2509 -332.248 
2510 -254.28 
2511 -168.666 
2512 -112.26 
2513 -60.841 
2514 19.1078 
2515 112.135 
2516 207.447 
2517 275.39 
2518 302.968 
2519 381.726 
2520 503.665 
2521 521.824 
2522 601.81 
2523 651.628 
2524 715.411 
2525 776.246 
2526 811.961 
2527 920.337 
2528 953.793 
2529 941.505 
2530 949.384 
2531 961.105 
2532 1005.34 
2533 994.794 
2534 981.513 
2535 998.987 
2536 1015.76 
2537 1022.01 
2538 1047.47 
2539 1093.41 
2540 1132.36 
2541 1111.46 
2542 1103.13 
2543 1092.11 
2544 1045.02 
2545 984.269 
2546 936.367 
2547 903.217 
2548 858.518 
2549 854.059 
2550 842.43 
2551 813.708 
2552 798.871 
2553 750.585 
2554 698.018 
2555 658.724 
2556 620.461 
2557 601.574 
2558 578.608 
2559 559.3 
2560 538.586 
2561 518.092 
2562 471.85 
2563 428.064 
2564 427.772 
2565 413.065 
2566 383.173 
2567 349.68 
2568 313.609 
2569 285.839 
2570 249.386 
2571 231.434 
2572 234.363 
2573 228.784 
2574 201.964 
2575 195.107 
2576 196.979 
2577 194.683 
2578 176.781 
2579 147.475 
2580 119.726 
2581 95.1361 
2582 69.6762 
2583 33.2186 
2584 -1.73407 
2585 -37.5181 
2586 -82.1288 
2587 -118 
2588 -161.023 
2589 -202.328 
2590 -242.304 
2591 -271.966 
2592 -299.126 
2593 -331.765 
2594 -368.699 
2595 -414.003 
2596 -436.186 
2597 -470.816 
2598 -512.795 
2599 -560.181 
2600 -597.861 
2601 -632.512 
2602 -675.083 
2603 -717.454 
2604 -745.961 
2605 -781.277 
2606 -817.329 
2607 -822.677 
2608 -834.74 
2609 -845.269 
2610 -845.271 
2611 -854.876 
2612 -868.01 
2613 -873.066 
2614 -880.368 
2615 -870.896 
2616 -806.265 
2617 -768.046 
2618 -706.142 
2619 -706.114 
2620 -683.946 
2621 -690.817 
2622 -665.472 
2623 -619.69 
2624 -618.808 
2625 -603.395 
2626 -581.079 
2627 -515.02 
2628 -457.037 
2629 -414.583 
2630 -401.57 
2631 -405.432 
2632 -345.604 
2633 -310.786 
2634 -297.114 
2635 -265.882 
2636 -224.422 
2637 -197.322 
2638 -201.811 
2639 -173.172 
2640 -152.82 
2641 -110.266 
2642 -46.2914 
2643 -23.8151 
2644 17.2834 
2645 38.4855 
2646 46.713 
2647 56.7472 
2648 57.5096 
2649 64.681 
2650 69.2813 
2651 80.5995 
2652 111.823 
2653 166.669 
2654 187.213 
2655 218.06 
2656 275.295 
2657 304.408 
2658 342.683 
2659 354.603 
2660 376.947 
2661 382.492 
2662 401.711 
2663 405.871 
2664 422.64 
2665 423.677 
2666 400.542 
2667 394.886 
2668 370.959 
2669 338.105 
2670 351.164 
2671 338.47 
2672 312.055 
2673 289.742 
2674 285.555 
2675 310.405 
2676 307.807 
2677 345.562 
2678 373.574 
2679 379.735 
2680 412.238 
2681 457.565 
2682 488.499 
2683 522.012 
2684 539.275 
2685 554.653 
2686 544.207 
2687 540.691 
2688 536.456 
2689 533.048 
2690 535.811 
2691 556.578 
2692 557.386 
2693 555.461 
2694 532.032 
2695 513.317 
2696 543.336 
2697 534.102 
2698 516.529 
2699 498.922 
2700 488.29 
2701 476.334 
2702 458.655 
2703 468.152 
2704 476.922 
2705 481.259 
2706 513.458 
2707 514.61 
2708 525.107 
2709 545.539 
2710 534.498 
2711 516.872 
2712 496.552 
2713 465.128 
2714 433.291 
2715 391.534 
2716 354.341 
2717 319.822 
2718 307.954 
2719 311.252 
2720 276.906 
2721 234.508 
2722 204.98 
2723 157.608 
2724 108.923 
2725 53.0151 
2726 20.4204 
2727 -18.2626 
2728 -67.9915 
2729 -120.05 
2730 -189.219 
2731 -239.343 
2732 -295.804 
2733 -344.84 
2734 -418.022 
2735 -479.179 
2736 -541.274 
2737 -596.326 
2738 -674.177 
2739 -748.566 
2740 -817.496 
2741 -861.105 
2742 -931.587 
2743 -992.268 
2744 -1036.13 
2745 -1082.9 
2746 -1152.73 
2747 -1205.34 
2748 -1248.19 
2749 -1234.67 
2750 -1247.86 
2751 -1230.69 
2752 -1240.07 
2753 -1234.31 
2754 -1265.79 
2755 -1316.85 
2756 -1256.83 
2757 -1217.57 
2758 -1219 
2759 -1187.05 
2760 -1095.05 
2761 -1046.12 
2762 -998.374 
2763 -1003.94 
2764 -964.499 
2765 -905.192 
2766 -833.299 
2767 -787.044 
2768 -676.506 
2769 -570.396 
2770 -469.407 
2771 -379.231 
2772 -313.363 
2773 -254.891 
2774 -237.706 
2775 -167.497 
2776 -75.1523 
2777 -15.0594 
2778 15.0921 
2779 44.0161 
2780 100.922 
2781 171.724 
2782 219.028 
2783 304.143 
2784 299.486 
2785 328.745 
2786 365.445 
2787 431.667 
2788 468.232 
2789 442.727 
2790 492.037 
2791 579.773 
2792 671.605 
2793 735.737 
2794 771.131 
2795 817.486 
2796 819.856 
2797 905.032 
2798 982.17 
2799 1010.32 
2800 989.368 
2801 1014.74 
2802 1017.8 
2803 1045.39 
2804 1080.55 
2805 1084.7 
2806 1084.19 
2807 1127.34 
2808 1119.15 
2809 1070.76 
2810 1040.17 
2811 1032.68 
2812 1050.28 
2813 1069.1 
2814 1067.48 
2815 1055.15 
2816 1018.85 
2817 987.286 
2818 931.013 
2819 876.686 
2820 853.585 
2821 867.845 
2822 890.538 
2823 888.79 
2824 895.364 
2825 871.879 
2826 840.689 
2827 790.416 
2828 729.276 
2829 659.614 
2830 605.231 
2831 547.064 
2832 486.511 
2833 430.001 
2834 370.728 
2835 315.917 
2836 273.956 
2837 228.669 
2838 195.65 
2839 133.389 
2840 65.8088 
2841 16.2885 
2842 -37.052 
2843 -92.3337 
2844 -160.537 
2845 -203.683 
2846 -261.051 
2847 -310.051 
2848 -365.691 
2849 -437.249 
2850 -491.842 
2851 -555.242 
2852 -624.163 
2853 -658.876 
2854 -719.188 
2855 -790.066 
2856 -858.013 
2857 -933.489 
2858 -996.181 
2859 -1031.57 
2860 -1075.22 
2861 -1140.6 
2862 -1188.06 
2863 -1227.39 
2864 -1274.01 
2865 -1301.09 
2866 -1344.47 
2867 -1409.3 
2868 -1434.53 
2869 -1486.66 
2870 -1494.85 
2871 -1487.3 
2872 -1516.25 
2873 -1496.99 
2874 -1472.56 
2875 -1442.04 
2876 -1410.14 
2877 -1366.37 
2878 -1324.18 
2879 -1209.5 
2880 -1117.77 
2881 -1029.3 
2882 -980.941 
2883 -938.469 
2884 -868.63 
2885 -711.4 
2886 -659.814 
2887 -558.328 
2888 -465.296 
2889 -386.64 
2890 -283.414 
2891 -208.332 
2892 -118.541 
2893 -85.5467 
2894 -33.7917 
2895 14.9256 
2896 48.1791 
2897 58.6456 
2898 106.134 
2899 213.917 
2900 238.107 
2901 292.081 
2902 325.054 
2903 376.007 
2904 424.958 
2905 518.789 
2906 569.321 
2907 620.545 
2908 641.255 
2909 720.072 
2910 814.779 
2911 910.597 
2912 935.107 
2913 988.529 
2914 1005.14 
2915 1075.76 
2916 1133.08 
2917 1223.87 
2918 1236.15 
2919 1240.89 
2920 1199.09 
2921 1162.93 
2922 1144 
2923 1104.35 
2924 1068.5 
2925 1073.77 
2926 1077.08 
2927 1074.66 
2928 1033.56 
2929 1040.88 
2930 1024.82 
2931 1002.87 
2932 967.45 
2933 925.011 
2934 895.569 
2935 850.474 
2936 776.339 
2937 744.373 
2938 691.811 
2939 661.741 
2940 650.488 
2941 611.529 
2942 567.48 
2943 505.608 
2944 448.418 
2945 403.379 
2946 371.453 
2947 325.429 
2948 287.752 
2949 278.801 
2950 234.31 
2951 194.548 
2952 157.142 
2953 134.851 
2954 114.892 
2955 72.0174 
2956 28.646 
2957 -10.0079 
2958 -49.2035 
2959 -89.1435 
2960 -130.194 
2961 -155.064 
2962 -195.325 
2963 -233.594 
2964 -272.446 
2965 -315.992 
2966 -353.843 
2967 -396.784 
2968 -438.34 
2969 -470.497 
2970 -506.984 
2971 -535.289 
2972 -580.143 
2973 -627.235 
2974 -650.196 
2975 -684.216 
2976 -725.116 
2977 -762.814 
2978 -799.9 
2979 -826.7 
2980 -851.803 
2981 -882.333 
2982 -921.673 
2983 -939.244 
2984 -933.926 
2985 -956.726 
2986 -963.246 
2987 -966.06 
2988 -981.375 
2989 -992.555 
2990 -973.603 
2991 -967.776 
2992 -960.368 
2993 -938.33 
2994 -912.037 
2995 -863.36 
2996 -805.837 
2997 -803.94 
2998 -785.397 
2999 -747.171 
3000 -744.38 
3001 -731.876 
3002 -716.169 
3003 -712.699 
3004 -655.566 
3005 -543.19 
3006 -466.889 
3007 -424.143 
3008 -419.77 
3009 -355.339 
3010 -273.656 
3011 -265.78 
3012 -243.906 
3013 -191.683 
3014 -89.6855 
3015 -16.0818 
3016 29.7943 
3017 95.6742 
3018 215.834 
3019 270.215 
3020 298.203 
3021 309.948 
3022 336.445 
3023 346.452 
3024 354.174 
3025 339.287 
3026 367.272 
3027 389.843 
3028 391.579 
3029 453 
3030 433.49 
3031 451.577 
3032 545.549 
3033 594.739 
3034 625.85 
3035 693.289 
3036 731.592 
3037 755.259 
3038 755.729 
3039 796.004 
3040 837.026 
3041 819.595 
3042 834.756 
3043 865.009 
3044 908.197 
3045 915.431 
3046 919.521 
3047 912.708 
3048 905.189 
3049 841.102 
3050 803.339 
3051 764.236 
3052 715.582 
3053 700.505 
3054 696.801 
3055 682.062 
3056 632.408 
3057 604.115 
3058 563.096 
3059 513.619 
3060 454.891 
3061 412.571 
3062 372.956 
3063 320.31 
3064 283.891 
3065 243.881 
3066 223.92 
3067 192.681 
3068 143.393 
3069 122.42 
3070 100.281 
3071 39.9294 
3072 1.77312 
3073 -37.9448 
3074 -78.5169 
3075 -116.941 
3076 -129.09 
3077 -143.283 
3078 -148.804 
3079 -153.182 
3080 -177.812 
3081 -223.434 
3082 -251.754 
3083 -245.312 
3084 -274.353 
3085 -315.699 
3086 -342.615 
3087 -333.732 
3088 -335.224 
3089 -346.732 
3090 -357.941 
3091 -367.998 
3092 -372.696 
3093 -383.794 
3094 -371.78 
3095 -370.951 
3096 -360.974 
3097 -359.86 
3098 -367.984 
3099 -376.063 
3100 -368.277 
3101 -357.05 
3102 -350.466 
3103 -347.743 
3104 -349.498 
3105 -352.524 
3106 -353.152 
3107 -338.275 
3108 -335.728 
3109 -333.606 
3110 -318.244 
3111 -314.237 
3112 -308.823 
3113 -302.496 
3114 -300.581 
3115 -298.903 
3116 -296.356 
3117 -290.972 
3118 -283.443 
3119 -281.897 
3120 -280.524 
3121 -279.849 
3122 -280.456 
3123 -281.256 
3124 -281.259 
3125 -278.84 
3126 -278.313 
3127 -284.449 
3128 -284.753 
3129 -285.79 
3130 -289.06 
3131 -284.419 
3132 -278.15 
3133 -264.53 
3134 -257.106 
3135 -265.058 
3136 -271.32 
3137 -274.566 
3138 -273.323 
3139 -269.654 
3140 -261.176 
3141 -257.545 
3142 -255.169 
3143 -264.783 
3144 -273.716 
3145 -263.765 
3146 -225.659 
3147 -192.185 
3148 -178.765 
3149 -169.574 
3150 -154.126 
3151 -139.487 
3152 -72.6524 
3153 -2.30994 
3154 79.3854 
3155 129.243 
3156 162.216 
3157 146.623 
3158 167.923 
3159 186.644 
3160 214.153 
3161 235.382 
3162 263.007 
3163 283.677 
3164 301.642 
3165 300.889 
3166 309.763 
3167 286.456 
3168 301.118 
3169 279.344 
3170 273.79 
3171 296.155 
3172 330.409 
3173 320.221 
3174 318.695 
3175 321.994 
3176 287.322 
3177 311.944 
3178 335.565 
3179 369.051 
3180 395.007 
3181 449.799 
3182 487.032 
3183 507.981 
3184 528.918 
3185 540.348 
3186 549.233 
3187 565.072 
3188 604.326 
3189 603.991 
3190 617.724 
3191 641.319 
3192 645.637 
3193 624.339 
3194 591.611 
3195 580.498 
3196 583.783 
3197 565.705 
3198 547.94 
3199 529.823 
3200 527.023 
3201 510.379 
3202 493.523 
3203 473.718 
3204 454.18 
3205 435.364 
3206 415.58 
3207 380.974 
3208 361.351 
3209 312.15 
3210 276.267 
3211 259.634 
3212 238.852 
3213 208.314 
3214 167.242 
3215 124.715 
3216 91.2479 
3217 59.5105 
3218 20.5109 
3219 -2.48664 
3220 -37.4813 
3221 -70.8054 
3222 -104.195 
3223 -121.458 
3224 -126.346 
3225 -160.474 
3226 -200.9 
3227 -237.642 
3228 -274.665 
3229 -306.693 
3230 -345.893 
3231 -377.696 
3232 -404.361 
3233 -427.654 
3234 -464.109 
3235 -492.704 
3236 -525.976 
3237 -557.006 
3238 -587.434 
3239 -619.142 
3240 -645.773 
3241 -678.9 
3242 -703.098 
3243 -727.31 
3244 -750.521 
3245 -782.276 
3246 -814.259 
3247 -846.615 
3248 -878.423 
3249 -911.039 
3250 -943.727 
3251 -975.649 
3252 -1003.16 
3253 -1037.03 
3254 -1070.02 
3255 -1099.77 
3256 -1135.04 
3257 -1165.29 
3258 -1195.68 
3259 -1225.44 
3260 -1262.83 
